# Matter power spectrum P(k) at redshift z=0
# for k=9.41771e-06 to 7.56952 h/Mpc,
# number of wavenumbers equal to 620
#    1:k (h/Mpc)              2:P (Mpc/h)^3        
       9.417708517908e-06       6.429832306914e+01 
       2.103609723106e-05       1.397543547934e+02 
       3.268772368722e-05       2.139328376868e+02 
       4.439808197034e-05       2.875608325973e+02 
       5.619300967057e-05       3.610419213678e+02 
       6.809887545235e-05       4.346716838483e+02 
       8.014277154133e-05       5.086978654066e+02 
       9.235271324347e-05       5.833446604378e+02 
       1.047578476273e-04       6.588249102004e+02 
       1.173886735218e-04       7.353472267483e+02 
       1.302772750005e-04       8.131205769962e+02 
       1.434575705227e-04       8.923581462590e+02 
       1.569655798779e-04       9.732797900526e+02 
       1.708397109951e-04       1.056114635584e+03 
       1.851210685241e-04       1.141112500193e+03 
       1.998537858245e-04       1.228500887653e+03 
       2.150853815614e-04       1.318576961706e+03 
       2.308671414628e-04       1.411620128556e+03 
       2.472545248413e-04       1.507938811100e+03 
       2.643075941540e-04       1.607863867205e+03 
       2.820914640417e-04       1.711750436759e+03 
       3.006767638268e-04       1.819980348447e+03 
       3.201401042132e-04       1.932963831183e+03 
       3.405645347668e-04       2.051132051486e+03 
       3.620399735256e-04       2.174985866093e+03 
       3.846635836910e-04       2.305001571106e+03 
       4.085400647907e-04       2.441726962087e+03 
       4.337818171177e-04       2.585732143283e+03 
       4.605089290567e-04       2.737618138813e+03 
       4.888489278650e-04       2.898012698365e+03 
       5.189362268453e-04       3.067565369725e+03 
       5.509111974421e-04       3.246940138049e+03 
       5.849187960596e-04       3.436804605151e+03 
       6.211066851969e-04       3.637817288140e+03 
       6.596228098188e-04       3.850612831328e+03 
       7.006124250697e-04       4.075780755439e+03 
       7.442146212525e-04       4.313846579369e+03 
       7.905584543608e-04       4.565248810787e+03 
       8.397588594919e-04       4.830315729273e+03 
       8.919125901366e-04       5.109243946910e+03 
       9.470944754041e-04       5.402079665986e+03 
       1.005354305815e-03       5.708705537341e+03 
       1.066714635697e-03       6.028833113568e+03 
       1.131169723101e-03       6.362002220557e+03 
       1.198685723065e-03       6.707590597982e+03 
       1.269202123384e-03       7.064818715764e+03 
       1.296249739193e-03       7.200832430657e+03 
       1.342634286097e-03       7.432791313156e+03 
       1.418876855117e-03       7.810522302350e+03 
       1.497807727306e-03       8.196943574201e+03 
       1.579292267080e-03       8.590945301397e+03 
       1.663187469673e-03       8.991396322619e+03 
       1.749345833683e-03       9.397177139379e+03 
       1.837618774831e-03       9.807197025973e+03 
       1.927859485810e-03       1.022040362791e+04 
       2.019925211399e-03       1.063580474718e+04 
       2.113678957809e-03       1.105247303824e+04 
       2.208990688881e-03       1.146955037511e+04 
       2.305738080596e-03       1.188624716058e+04 
       2.403806912287e-03       1.230185435835e+04 
       2.503091171399e-03       1.271571483599e+04 
       2.603492941814e-03       1.312726096382e+04 
       2.704922136162e-03       1.353597526198e+04 
       2.807296122086e-03       1.394138728623e+04 
       2.910539282327e-03       1.434309817143e+04 
       3.014582539337e-03       1.474074662120e+04 
       3.119362867385e-03       1.513403466695e+04 
       3.224822808680e-03       1.552267251187e+04 
       3.330910004956e-03       1.590643012815e+04 
       3.437576751997e-03       1.628510809797e+04 
       3.544779581611e-03       1.665852514166e+04 
       3.652478873342e-03       1.702654058455e+04 
       3.760638496661e-03       1.738902709688e+04 
       3.869225483248e-03       1.774587968132e+04 
       3.978209728281e-03       1.809702291294e+04 
       4.087563719153e-03       1.844238500228e+04 
       4.197262289815e-03       1.878188825332e+04 
       4.307282398788e-03       1.911554303240e+04 
       4.417602928878e-03       1.944327913548e+04 
       4.528204506683e-03       1.976509314114e+04 
       4.639069340048e-03       2.008097608325e+04 
       4.750181071739e-03       2.039091561338e+04 
       4.861524647749e-03       2.069494137267e+04 
       4.973086198753e-03       2.099303441527e+04 
       5.084852933383e-03       2.128522768900e+04 
       5.196813042098e-03       2.157153072835e+04 
       5.308955610552e-03       2.185199072265e+04 
       5.421270541487e-03       2.212659242929e+04 
       5.533748484236e-03       2.239545618109e+04 
       5.646380771071e-03       2.265857583901e+04 
       5.759159359670e-03       2.291593017983e+04 
       5.872076781067e-03       2.316763005297e+04 
       5.985126092526e-03       2.341371948325e+04 
       6.098300834833e-03       2.365421568044e+04 
       6.211594993547e-03       2.388917145827e+04 
       6.325002963817e-03       2.411863854918e+04 
       6.438519518399e-03       2.434268804242e+04 
       6.481248695965e-03       2.442554560036e+04 
       6.552139778556e-03       2.456133778702e+04 
       6.665859187558e-03       2.477465188899e+04 
       6.779673486514e-03       2.498264304480e+04 
       6.893578692327e-03       2.518547789397e+04 
       7.007571077547e-03       2.538312192214e+04 
       7.121647151951e-03       2.557561524508e+04 
       7.235803645692e-03       2.576303034878e+04 
       7.350037493848e-03       2.594546807031e+04 
       7.464345822264e-03       2.612293465034e+04 
       7.578725934554e-03       2.629550929932e+04 
       7.693175300157e-03       2.646322711349e+04 
       7.807691543360e-03       2.662618591533e+04 
       7.922272433195e-03       2.678433059623e+04 
       8.036915874129e-03       2.693782288540e+04 
       8.151619897487e-03       2.708674171380e+04 
       8.266382653538e-03       2.723102711994e+04 
       8.381202404185e-03       2.737080920228e+04 
       8.496077516217e-03       2.750611906429e+04 
       8.611006455059e-03       2.763702180722e+04 
       8.725987779001e-03       2.776359498683e+04 
       8.841020133845e-03       2.788576693056e+04 
       8.956102247945e-03       2.800380032058e+04 
       9.071232927616e-03       2.811759251433e+04 
       9.186411052868e-03       2.822718674631e+04 
       9.301635573443e-03       2.833275989557e+04 
       9.416905505144e-03       2.843423101328e+04 
       9.532219926416e-03       2.853171673318e+04 
       9.647577975167e-03       2.862530434564e+04 
       9.762978845814e-03       2.871496708707e+04 
       9.878421786537e-03       2.880075546890e+04 
       9.993906096710e-03       2.888283692360e+04 
       1.010943112453e-02       2.896109558713e+04 
       1.022499626477e-02       2.903566327605e+04 
       1.034060095676e-02       2.910669000472e+04 
       1.045624468239e-02       2.917405726029e+04 
       1.057192696438e-02       2.923792897808e+04 
       1.068764736454e-02       2.929826674877e+04 
       1.080340548228e-02       2.935511694097e+04 
       1.091920095306e-02       2.940868549178e+04 
       1.103503344714e-02       2.945882549082e+04 
       1.115090266822e-02       2.950573650919e+04 
       1.126680835231e-02       2.954935019002e+04 
       1.138275026664e-02       2.958978303810e+04 
       1.149872820858e-02       2.962704381841e+04 
       1.161474200476e-02       2.966126061568e+04 
       1.173079151012e-02       2.969245880047e+04 
       1.184687660715e-02       2.972047214238e+04 
       1.196299720506e-02       2.974561417865e+04 
       1.207915323910e-02       2.976789673708e+04 
       1.219534466994e-02       2.978723618279e+04 
       1.231157148298e-02       2.980374791279e+04 
       1.242783368787e-02       2.981753193199e+04 
       1.254413131794e-02       2.982850911754e+04 
       1.266046442974e-02       2.983680454547e+04 
       1.277683310262e-02       2.984242700076e+04 
       1.289323743830e-02       2.984551390820e+04 
       1.296249739193e-02       2.984618205611e+04 
       1.300967756052e-02       2.984596725704e+04 
       1.312615361472e-02       2.984385499357e+04 
       1.324266576773e-02       2.983943066485e+04 
       1.335921420749e-02       2.983236345210e+04 
       1.347579914287e-02       2.982310305360e+04 
       1.359242080337e-02       2.981127395392e+04 
       1.370907943901e-02       2.979734967068e+04 
       1.382577532016e-02       2.978102836670e+04 
       1.394250873737e-02       2.976245416501e+04 
       1.405928000130e-02       2.974175172055e+04 
       1.417608944263e-02       2.971885608876e+04 
       1.429293741198e-02       2.969377901754e+04 
       1.440982427988e-02       2.966674405300e+04 
       1.452675043675e-02       2.963753631951e+04 
       1.464371629289e-02       2.960630258386e+04 
       1.476072227851e-02       2.957341271162e+04 
       1.487776884376e-02       2.953828900676e+04 
       1.499485645880e-02       2.950149193610e+04 
       1.511198561384e-02       2.946269221397e+04 
       1.522915681929e-02       2.942214288276e+04 
       1.534637060582e-02       2.937983787356e+04 
       1.546362752450e-02       2.933573019451e+04 
       1.558092814697e-02       2.928987566400e+04 
       1.569827306556e-02       2.924238133321e+04 
       1.581566289352e-02       2.919330747510e+04 
       1.593309826515e-02       2.914277085844e+04 
       1.605057983607e-02       2.909045284952e+04 
       1.616810828342e-02       2.903658898783e+04 
       1.628568430609e-02       2.898134823540e+04 
       1.640330862501e-02       2.892457952084e+04 
       1.652098198341e-02       2.886633834658e+04 
       1.663870514709e-02       2.880682701168e+04 
       1.675647890477e-02       2.874585906448e+04 
       1.687430406838e-02       2.868346945689e+04 
       1.699218147342e-02       2.862001766861e+04 
       1.711011197929e-02       2.855505675062e+04 
       1.722809646970e-02       2.848885778020e+04 
       1.734613585302e-02       2.842159606196e+04 
       1.746423106270e-02       2.835301142206e+04 
       1.758238305772e-02       2.828342283806e+04 
       1.770059282297e-02       2.821278150950e+04 
       1.781886136978e-02       2.814083102378e+04 
       1.793718973632e-02       2.806795980530e+04 
       1.805557898815e-02       2.799398084005e+04 
       1.817403021871e-02       2.791902224170e+04 
       1.829254454985e-02       2.784311171275e+04 
       1.841112313237e-02       2.776609048098e+04 
       1.852976714661e-02       2.768841320551e+04 
       1.864847780300e-02       2.760982333341e+04 
       1.876725634273e-02       2.753028045737e+04 
       1.888610403830e-02       2.744981692404e+04 
       1.900502219424e-02       2.736875113485e+04 
       1.912401214773e-02       2.728658240888e+04 
       1.924307526934e-02       2.720389946934e+04 
       1.936221296369e-02       2.712039864845e+04 
       1.948142667024e-02       2.703621953704e+04 
       1.960071786405e-02       2.695136445209e+04 
       1.972008805650e-02       2.686571352030e+04 
       1.983953879622e-02       2.677966834525e+04 
       1.995907166982e-02       2.669281414388e+04 
       2.007868830282e-02       2.660542193738e+04 
       2.019839036052e-02       2.651739158559e+04 
       2.031817954894e-02       2.642883445692e+04 
       2.043805761574e-02       2.633987709132e+04 
       2.055802635123e-02       2.625026624148e+04 
       2.067808758940e-02       2.616030772887e+04 
       2.079824320889e-02       2.606977871565e+04 
       2.091849513417e-02       2.597881635553e+04 
       2.103884533657e-02       2.588749048511e+04 
       2.115929583546e-02       2.579580876987e+04 
       2.127984869946e-02       2.570374556719e+04 
       2.140050604761e-02       2.561106084982e+04 
       2.152127005067e-02       2.551807392502e+04 
       2.164214293241e-02       2.542501599940e+04 
       2.176312697097e-02       2.533147755805e+04 
       2.188422450021e-02       2.523780858838e+04 
       2.200543791118e-02       2.514358519369e+04 
       2.212676965359e-02       2.504935939703e+04 
       2.224822223732e-02       2.495487754377e+04 
       2.236979823402e-02       2.485999817379e+04 
       2.249150027874e-02       2.476504826781e+04 
       2.261333107160e-02       2.466996598755e+04 
       2.273529337952e-02       2.457453009238e+04 
       2.285739003806e-02       2.447897500978e+04 
       2.297962395322e-02       2.438339688385e+04 
       2.310199810342e-02       2.428751486143e+04 
       2.322451554145e-02       2.419162761480e+04 
       2.334717939653e-02       2.409562005691e+04 
       2.346999287643e-02       2.399962389594e+04 
       2.359295926968e-02       2.390324713454e+04 
       2.371608194784e-02       2.380689772031e+04 
       2.383936436785e-02       2.371072740660e+04 
       2.396281007446e-02       2.361431569329e+04 
       2.408642270276e-02       2.351791505508e+04 
       2.421020598080e-02       2.342158123806e+04 
       2.433416373227e-02       2.332510595078e+04 
       2.445829987931e-02       2.322868071453e+04 
       2.458261844544e-02       2.313218128215e+04 
       2.470712355853e-02       2.303585324047e+04 
       2.483181945395e-02       2.293951406551e+04 
       2.495671047780e-02       2.284321398562e+04 
       2.508180109024e-02       2.274693408676e+04 
       2.520709586901e-02       2.265067401511e+04 
       2.533259951302e-02       2.255470108790e+04 
       2.545831684612e-02       2.245863303185e+04 
       2.558425282095e-02       2.236272862084e+04 
       2.571041252306e-02       2.226708367589e+04 
       2.583680117504e-02       2.217120984779e+04 
       2.596342414094e-02       2.207550924827e+04 
       2.609028693077e-02       2.198009853367e+04 
       2.621739520525e-02       2.188470341662e+04 
       2.634475478071e-02       2.178953787627e+04 
       2.647237163421e-02       2.169429055509e+04 
       2.660025190884e-02       2.159943918307e+04 
       2.672840191926e-02       2.150454207796e+04 
       2.685682815748e-02       2.140994515248e+04 
       2.698553729887e-02       2.131545265345e+04 
       2.711453620839e-02       2.122112749254e+04 
       2.724383194715e-02       2.112699377096e+04 
       2.737343177920e-02       2.103302653594e+04 
       2.750334317864e-02       2.093926949411e+04 
       2.763357383701e-02       2.084568139157e+04 
       2.776413167105e-02       2.075216005128e+04 
       2.789502483079e-02       2.065909581707e+04 
       2.802626170795e-02       2.056612198194e+04 
       2.815785094479e-02       2.047329254670e+04 
       2.828980144335e-02       2.038060213764e+04 
       2.842212237508e-02       2.028818573798e+04 
       2.855482319094e-02       2.019606496415e+04 
       2.868791363197e-02       2.010396123143e+04 
       2.882140374037e-02       2.001229252567e+04 
       2.895530387112e-02       1.992068776749e+04 
       2.908962470409e-02       1.982937676726e+04 
       2.922437725686e-02       1.973818341971e+04 
       2.935957289803e-02       1.964727369872e+04 
       2.949522336132e-02       1.955662525503e+04 
       2.963134076029e-02       1.946610209918e+04 
       2.976793760385e-02       1.937586345160e+04 
       2.990502681254e-02       1.928585388341e+04 
       3.004262173568e-02       1.919602017978e+04 
       3.018073616936e-02       1.910648137595e+04 
       3.031938437545e-02       1.901703045933e+04 
       3.045858110157e-02       1.892783979258e+04 
       3.059834160217e-02       1.883890557442e+04 
       3.073868166073e-02       1.875015958376e+04 
       3.087961761323e-02       1.866159227230e+04 
       3.102116637283e-02       1.857328781449e+04 
       3.116334545606e-02       1.848516891440e+04 
       3.130617301043e-02       1.839720199136e+04 
       3.144966784360e-02       1.830943552460e+04 
       3.159384945436e-02       1.822201210453e+04 
       3.173873806530e-02       1.813464802673e+04 
       3.188435465754e-02       1.804765800316e+04 
       3.203072100745e-02       1.796058016009e+04 
       3.217785972570e-02       1.787386264054e+04 
       3.232579429868e-02       1.778725669677e+04 
       3.247454913249e-02       1.770090582924e+04 
       3.262414959972e-02       1.761468926856e+04 
       3.277462208930e-02       1.752858214531e+04 
       3.292599405943e-02       1.744270913736e+04 
       3.307829409412e-02       1.735688242561e+04 
       3.323155196343e-02       1.727130578115e+04 
       3.338579868781e-02       1.718578393722e+04 
       3.354106660673e-02       1.710075357965e+04 
       3.369738945217e-02       1.701538766947e+04 
       3.385480242724e-02       1.693035963261e+04 
       3.401334229028e-02       1.684537985763e+04 
       3.417304744521e-02       1.676059013197e+04 
       3.433395803827e-02       1.667583375808e+04 
       3.449611606207e-02       1.659114048022e+04 
       3.465956546743e-02       1.650659631093e+04 
       3.482435228367e-02       1.642207200661e+04 
       3.499052474836e-02       1.633762794050e+04 
       3.515813344705e-02       1.625325347501e+04 
       3.532723146436e-02       1.616888915037e+04 
       3.549787454714e-02       1.608455449150e+04 
       3.567012128110e-02       1.600027779957e+04 
       3.584403328219e-02       1.591600163222e+04 
       3.601967540422e-02       1.583168143262e+04 
       3.619711596441e-02       1.574735387768e+04 
       3.637642698862e-02       1.566299155165e+04 
       3.655768447857e-02       1.557858278135e+04 
       3.674096870317e-02       1.549409289120e+04 
       3.692636451681e-02       1.540944953909e+04 
       3.711396170744e-02       1.532485937551e+04 
       3.730385537797e-02       1.524008483333e+04 
       3.749614636477e-02       1.515515558736e+04 
       3.769094169753e-02       1.507010255126e+04 
       3.788835510567e-02       1.498485786794e+04 
       3.808850757674e-02       1.489941907328e+04 
       3.829152797339e-02       1.481375595139e+04 
       3.849755371635e-02       1.472783740254e+04 
       3.870673154183e-02       1.464172248198e+04 
       3.891921834330e-02       1.455524112686e+04 
       3.913518210882e-02       1.446850423295e+04 
       3.935480296723e-02       1.438134958348e+04 
       3.957827435828e-02       1.429383731313e+04 
       3.980580434451e-02       1.420590754816e+04 
       4.003761708559e-02       1.411758596354e+04 
       4.027395449951e-02       1.402872384459e+04 
       4.051507813894e-02       1.393936614378e+04 
       4.076127131668e-02       1.384942195198e+04 
       4.101284151976e-02       1.375891167714e+04 
       4.127012315982e-02       1.366767367042e+04 
       4.153348071574e-02       1.357583129500e+04 
       4.180331233632e-02       1.348321888596e+04 
       4.208005398372e-02       1.338977450026e+04 
       4.236418421543e-02       1.329544666246e+04 
       4.265622972287e-02       1.320020618610e+04 
       4.295677177032e-02       1.310397027371e+04 
       4.326645370963e-02       1.300664016306e+04 
       4.358598978553e-02       1.290815689092e+04 
       4.391617549664e-02       1.280847261602e+04 
       4.425789983938e-02       1.270742905421e+04 
       4.461215984182e-02       1.260494906381e+04 
       4.498007789458e-02       1.250092956727e+04 
       4.536292251443e-02       1.239527113654e+04 
       4.576213333864e-02       1.228781704498e+04 
       4.617935135652e-02       1.217846405941e+04 
       4.661645564891e-02       1.206696873367e+04 
       4.707560824167e-02       1.195324983704e+04 
       4.755930910017e-02       1.183714498742e+04 
       4.807046381230e-02       1.171842200130e+04 
       4.861246713099e-02       1.159684039660e+04 
       4.918930625781e-02       1.147214813349e+04 
       4.980568847214e-02       1.134412114984e+04 
       5.046719826206e-02       1.121250027490e+04 
       5.118048907271e-02       1.107680248546e+04 
       5.195351328301e-02       1.093671291511e+04 
       5.279578932823e-02       1.079171752607e+04 
       5.371869377920e-02       1.064112797189e+04 
       5.473574305130e-02       1.048417633258e+04 
       5.586278556414e-02       1.031959997554e+04 
       5.711795029906e-02       1.014562543828e+04 
       5.852108874982e-02       9.959369916335e+03 
       6.009233502861e-02       9.756401349857e+03 
       6.184940922771e-02       9.530133087520e+03 
       6.380363876731e-02       9.271178256092e+03 
       6.595558487704e-02       8.968237053894e+03 
       6.829231615226e-02       8.610449653917e+03 
       7.078850861786e-02       8.192253441491e+03 
       7.341159781901e-02       7.718156099215e+03 
       7.612848068028e-02       7.205058591263e+03 
       7.891060131971e-02       6.679816828348e+03 
       8.173606572054e-02       6.173215080943e+03 
       8.458941522752e-02       5.712728542592e+03 
       8.746032391190e-02       5.317296638026e+03 
       9.034213904128e-02       4.994887629678e+03 
       9.323067159594e-02       4.742977417225e+03 
       9.612332129368e-02       4.550893015204e+03 
       9.901848812226e-02       4.403031088323e+03 
       1.019151927391e-01       4.282507662091e+03 
       1.048128375430e-01       4.174116367608e+03 
       1.077110584744e-01       4.066621795410e+03 
       1.106096338948e-01       3.953716744917e+03 
       1.135084288583e-01       3.833573779136e+03 
       1.164073611354e-01       3.707501880094e+03 
       1.193063805390e-01       3.578019717130e+03 
       1.222054563568e-01       3.447172961824e+03 
       1.251045697182e-01       3.315626281927e+03 
       1.280037089575e-01       3.182732866780e+03 
       1.296249739193e-01       3.107352108459e+03 
       1.309028667988e-01       3.047237916253e+03 
       1.338020386460e-01       2.908414751317e+03 
       1.367012215430e-01       2.767164325849e+03 
       1.396004135426e-01       2.626349567318e+03 
       1.424996133212e-01       2.490641462943e+03 
       1.453988199448e-01       2.365477403500e+03 
       1.482980327256e-01       2.255899663372e+03 
       1.511972511341e-01       2.165335363667e+03 
       1.540964747451e-01       2.094793765664e+03 
       1.569957032040e-01       2.042643641361e+03 
       1.598949362061e-01       2.004861006884e+03 
       1.627941734829e-01       1.975747831104e+03 
       1.656934147938e-01       1.949382488437e+03 
       1.685926599202e-01       1.919997041967e+03 
       1.714919086615e-01       1.883279573497e+03 
       1.743911608330e-01       1.837509778640e+03 
       1.772904162628e-01       1.783383039515e+03 
       1.801896747914e-01       1.723418316350e+03 
       1.830889362695e-01       1.661061107699e+03 
       1.859882005579e-01       1.599672565945e+03 
       1.888874675258e-01       1.541713569086e+03 
       1.917867370507e-01       1.488355047050e+03 
       1.946860090173e-01       1.439554236175e+03 
       1.975852833173e-01       1.394415849773e+03 
       2.004845598489e-01       1.351765727989e+03 
       2.033838385157e-01       1.310683511932e+03 
       2.062831192271e-01       1.270881715606e+03 
       2.091824018977e-01       1.232742214727e+03 
       2.120816864463e-01       1.197185091299e+03 
       2.149809727966e-01       1.165257433070e+03 
       2.178802608762e-01       1.137715305151e+03 
       2.207795506164e-01       1.114727309365e+03 
       2.236788419523e-01       1.095677250107e+03 
       2.265781348223e-01       1.079261463306e+03 
       2.294774291678e-01       1.063697090183e+03 
       2.323767249332e-01       1.047136744579e+03 
       2.352760220659e-01       1.028071554157e+03 
       2.381753205154e-01       1.005673192603e+03 
       2.410746202341e-01       9.799697628102e+02 
       2.439739211763e-01       9.518129185087e+02 
       2.468732232989e-01       9.225966145718e+02 
       2.497725265603e-01       8.938959308432e+02 
       2.526718309212e-01       8.671117465713e+02 
       2.555711363440e-01       8.431397472288e+02 
       2.584704427927e-01       8.222501519288e+02 
       2.613697502330e-01       8.041372280698e+02 
       2.642690586321e-01       7.880595611866e+02 
       2.671683679585e-01       7.731114023949e+02 
       2.700676781824e-01       7.584792432167e+02 
       2.729669892749e-01       7.436522416041e+02 
       2.758663012084e-01       7.285139829158e+02 
       2.787656139567e-01       7.132923865279e+02 
       2.816649274944e-01       6.984328688070e+02 
       2.845642417973e-01       6.843977526853e+02 
       2.874635568421e-01       6.714866401222e+02 
       2.903628726065e-01       6.597322384117e+02 
       2.932621890690e-01       6.488658650395e+02 
       2.961615062090e-01       6.384061744040e+02 
       2.990608240068e-01       6.277857740648e+02 
       3.019601424432e-01       6.165085843251e+02 
       3.048594615001e-01       6.042899697923e+02 
       3.077587811597e-01       5.911527523379e+02 
       3.106581014051e-01       5.773969548089e+02 
       3.135574222200e-01       5.635485990089e+02 
       3.164567435886e-01       5.501980131400e+02 
       3.193560654959e-01       5.378692813128e+02 
       3.222553879272e-01       5.268875751977e+02 
       3.251547108684e-01       5.173165636947e+02 
       3.280540343059e-01       5.089594034050e+02 
       3.309533582267e-01       5.014247381308e+02 
       3.338526826181e-01       4.942291797196e+02 
       3.367520074679e-01       4.869346620499e+02 
       3.396513327643e-01       4.792482298825e+02 
       3.425506584960e-01       4.710758326715e+02 
       3.454499846518e-01       4.625321396237e+02 
       3.483493112213e-01       4.538708928918e+02 
       3.512486381940e-01       4.453986229959e+02 
       3.541479655601e-01       4.373688158370e+02 
       3.570472933099e-01       4.299238800700e+02 
       3.599466214341e-01       4.230540553692e+02 
       3.628459499237e-01       4.166101463873e+02 
       3.657452787701e-01       4.103645775483e+02 
       3.686446079646e-01       4.040738053297e+02 
       3.715439374992e-01       3.975585198715e+02 
       3.744432673660e-01       3.907456059245e+02 
       3.773425975571e-01       3.836925893035e+02 
       3.802419280653e-01       3.765671705163e+02 
       3.831412588832e-01       3.695956801488e+02 
       3.860405900039e-01       3.630002431583e+02 
       3.889399214205e-01       3.569431199406e+02 
       3.918392531266e-01       3.514783723551e+02 
       3.947385851155e-01       3.465530242210e+02 
       3.976379173813e-01       3.420039833626e+02 
       4.005372499178e-01       3.376206704055e+02 
       4.034365827191e-01       3.331934977108e+02 
       4.063359157796e-01       3.285640170054e+02 
       4.092352490938e-01       3.236702364952e+02 
       4.121345826562e-01       3.185491358104e+02 
       4.150339164617e-01       3.133203093264e+02 
       4.179332505052e-01       3.081421548696e+02 
       4.208325847818e-01       3.031718955284e+02 
       4.237319192865e-01       2.985104215705e+02 
       4.266312540149e-01       2.941922801990e+02 
       4.295305889623e-01       2.901713745745e+02 
       4.324299241243e-01       2.863464547773e+02 
       4.353292594966e-01       2.825920081896e+02 
       4.382285950750e-01       2.787960993582e+02 
       4.411279308555e-01       2.748879954685e+02 
       4.440272668341e-01       2.708555351757e+02 
       4.469266030069e-01       2.667474910905e+02 
       4.498259393701e-01       2.626554182292e+02 
       4.527252759200e-01       2.586857436636e+02 
       4.556246126532e-01       2.549295230567e+02 
       4.585239495661e-01       2.514383752497e+02 
       4.614232866553e-01       2.482093881740e+02 
       4.643226239175e-01       2.451885198115e+02 
       4.672219613494e-01       2.422841070334e+02 
       4.701212989480e-01       2.393954882756e+02 
       4.730206367101e-01       2.364359041085e+02 
       4.759199746327e-01       2.333557525754e+02 
       4.788193127130e-01       2.301548979036e+02 
       4.817186509480e-01       2.268824201632e+02 
       4.846179893350e-01       2.236142690767e+02 
       4.875173278713e-01       2.204354392956e+02 
       4.904166665542e-01       2.174139470326e+02 
       4.933160053810e-01       2.145842417297e+02 
       4.962153443494e-01       2.119403236559e+02 
       4.991146834568e-01       2.094405712785e+02 
       5.020140227007e-01       2.070209890539e+02 
       5.049133620789e-01       2.046138774340e+02 
       5.078127015890e-01       2.021652051544e+02 
       5.107120412288e-01       1.996515247790e+02 
       5.136113809961e-01       1.970777473923e+02 
       5.165107208887e-01       1.944797320048e+02 
       5.194100609045e-01       1.919075691303e+02 
       5.223094010414e-01       1.894159342567e+02 
       5.252087412975e-01       1.870434360356e+02 
       5.281080816708e-01       1.848086027987e+02 
       5.310074221593e-01       1.827004136180e+02 
       5.339067627612e-01       1.806831438123e+02 
       5.368061034746e-01       1.787105519935e+02 
       5.397054442977e-01       1.767317924759e+02 
       5.426047852288e-01       1.747119950699e+02 
       5.455041262662e-01       1.726364947183e+02 
       5.484034674080e-01       1.705152223920e+02 
       5.513028086528e-01       1.683809241876e+02 
       5.542021499989e-01       1.662749414906e+02 
       5.571014914446e-01       1.642388610075e+02 
       5.600008329885e-01       1.622992038636e+02 
       5.629001746290e-01       1.604655747711e+02 
       5.657995163646e-01       1.587248078630e+02 
       5.686988581938e-01       1.570487825553e+02 
       5.715982001154e-01       1.554021179102e+02 
       5.744975421277e-01       1.537513640803e+02 
       5.773968842295e-01       1.520743858845e+02 
       5.802962264195e-01       1.503632264573e+02 
       5.831955686962e-01       1.486289109459e+02 
       5.860949110585e-01       1.468923684192e+02 
       5.889942535050e-01       1.451827193348e+02 
       5.918935960345e-01       1.435263616676e+02 
       5.947929386458e-01       1.419398398392e+02 
       5.976922813377e-01       1.404284078433e+02 
       6.005916241091e-01       1.389816712256e+02 
       6.034909669587e-01       1.375793798636e+02 
       6.063903098854e-01       1.361943162885e+02 
       6.092896528882e-01       1.348041604914e+02 
       6.121889959660e-01       1.333921317733e+02 
       6.150883391177e-01       1.319563157423e+02 
       6.179876823422e-01       1.305057035167e+02 
       6.208870256386e-01       1.290590335687e+02 
       6.237863690058e-01       1.276392275193e+02 
       6.266857124429e-01       1.262647297538e+02 
       6.295850559488e-01       1.249473331042e+02 
       6.324843995227e-01       1.236871502806e+02 
       6.353837431636e-01       1.224739004828e+02 
       6.382830868706e-01       1.212905099196e+02 
       6.411824306427e-01       1.201182919193e+02 
       6.440817744792e-01       1.189414433840e+02 
       6.469811183790e-01       1.177508338665e+02 
       6.498804623415e-01       1.165454368496e+02 
       6.527798063657e-01       1.153335428063e+02 
       6.556791504509e-01       1.141286350485e+02 
       6.585784945962e-01       1.129445009864e+02 
       6.614778388008e-01       1.117956658637e+02 
       6.643771830639e-01       1.106880698936e+02 
       6.672765273849e-01       1.096224405846e+02 
       6.701758717629e-01       1.085915344994e+02 
       6.730752161972e-01       1.075827563221e+02 
       6.759745606870e-01       1.065827204040e+02 
       6.788739052317e-01       1.055787164498e+02 
       7.413702697005e-01       8.631379454988e+01 
       8.315536464176e-01       6.625426007064e+01 
       9.746073237358e-01       4.577779306248e+01 
       1.201443000538e+00       2.791265997064e+01 
       1.296249739193e+00       2.327661085074e+01 
       1.510348333077e+00       1.610330547181e+01 
       1.901377066969e+00       9.181038636482e+00 
       2.393691772788e+00       5.194195203644e+00 
       3.013479400702e+00       2.918214083499e+00 
       3.793745795461e+00       1.629148275234e+00 
       4.776042987794e+00       9.042419768295e-01 
       6.012681885155e+00       4.992316137298e-01 
       7.569518018256e+00       2.742848521292e-01 
