# Matter power spectrum P(k) at redshift z=0
# for k=9.41771e-06 to 7.56952 h/Mpc,
# number of wavenumbers equal to 620
#    1:k (h/Mpc)              2:P (Mpc/h)^3        
       9.417708517908e-06       6.429888511579e+01 
       2.103609723106e-05       1.397555658551e+02 
       3.268772368722e-05       2.139346629459e+02 
       4.439808197034e-05       2.875632305999e+02 
       5.619300967057e-05       3.610448406583e+02 
       6.809887545235e-05       4.346750611548e+02 
       8.014277154133e-05       5.087016240208e+02 
       9.235271324347e-05       5.833487084354e+02 
       1.047578476273e-04       6.588291383706e+02 
       1.173886735218e-04       7.353515061247e+02 
       1.302772750005e-04       8.130710511498e+02 
       1.434575705227e-04       8.922971714466e+02 
       1.569655798779e-04       9.732058117877e+02 
       1.708397109951e-04       1.056025949652e+03 
       1.851210685241e-04       1.141007225912e+03 
       1.998537858245e-04       1.228376953864e+03 
       2.150853815614e-04       1.318432056381e+03 
       2.308671414628e-04       1.411451675737e+03 
       2.472545248413e-04       1.507743926072e+03 
       2.643075941540e-04       1.607639308073e+03 
       2.820914640417e-04       1.711492548260e+03 
       3.006767638268e-04       1.819684996314e+03 
       3.201401042132e-04       1.932626325826e+03 
       3.405645347668e-04       2.050747064528e+03 
       3.620399735256e-04       2.174547304058e+03 
       3.846635836910e-04       2.304502488897e+03 
       4.085400647907e-04       2.441159400051e+03 
       4.337818171177e-04       2.585086971190e+03 
       4.605089290567e-04       2.736884869024e+03 
       4.888489278650e-04       2.897179272269e+03 
       5.189362268453e-04       3.066617914619e+03 
       5.509111974421e-04       3.245862693110e+03 
       5.849187960596e-04       3.435578816493e+03 
       6.211066851969e-04       3.636422073544e+03 
       6.596228098188e-04       3.849024017710e+03 
       7.006124250697e-04       4.073970697414e+03 
       7.442146212525e-04       4.311783765543e+03 
       7.905584543608e-04       4.562897472722e+03 
       8.397588594919e-04       4.827635470492e+03 
       8.919125901366e-04       5.106189411511e+03 
       9.470944754041e-04       5.398600270150e+03 
       1.005354305815e-03       5.704745286317e+03 
       1.066714635697e-03       6.024330525926e+03 
       1.131169723101e-03       6.356890378334e+03 
       1.198685723065e-03       6.701797330577e+03 
       1.269202123384e-03       7.058266936331e+03 
       1.296249739193e-03       7.193977142786e+03 
       1.342634286097e-03       7.425399462276e+03 
       1.418876855117e-03       7.802204906739e+03 
       1.497807727306e-03       8.187611924294e+03 
       1.579292267080e-03       8.580508177747e+03 
       1.663187469673e-03       8.979760762906e+03 
       1.749345833683e-03       9.384249192095e+03 
       1.837618774831e-03       9.792882476000e+03 
       1.927859485810e-03       1.020460867557e+04 
       2.019925211399e-03       1.061843659387e+04 
       2.113678957809e-03       1.103344038491e+04 
       2.208990688881e-03       1.144876382509e+04 
       2.305738080596e-03       1.186361952545e+04 
       2.403806912287e-03       1.227730085267e+04 
       2.503091171399e-03       1.268915323655e+04 
       2.603492941814e-03       1.309861161773e+04 
       2.704922136162e-03       1.350516111456e+04 
       2.807296122086e-03       1.390833386874e+04 
       2.910539282327e-03       1.430773349702e+04 
       3.014582539337e-03       1.470300265357e+04 
       3.119362867385e-03       1.509384423463e+04 
       3.224822808680e-03       1.547997144311e+04 
       3.330910004956e-03       1.586115735067e+04 
       3.437576751997e-03       1.623720560269e+04 
       3.544779581611e-03       1.660793795332e+04 
       3.652478873342e-03       1.697321664049e+04 
       3.760638496661e-03       1.733291719575e+04 
       3.869225483248e-03       1.768693738631e+04 
       3.978209728281e-03       1.803520441608e+04 
       4.087563719153e-03       1.837764906815e+04 
       4.197262289815e-03       1.871419619037e+04 
       4.307282398788e-03       1.904485830342e+04 
       4.417602928878e-03       1.936956757945e+04 
       4.528204506683e-03       1.968832264209e+04 
       4.639069340048e-03       2.000111650024e+04 
       4.750181071739e-03       2.030793870022e+04 
       4.861524647749e-03       2.060882051004e+04 
       4.973086198753e-03       2.090374472329e+04 
       5.084852933383e-03       2.119274571927e+04 
       5.196813042098e-03       2.147583448592e+04 
       5.308955610552e-03       2.175305942512e+04 
       5.421270541487e-03       2.202440674482e+04 
       5.533748484236e-03       2.228999753751e+04 
       5.646380771071e-03       2.254982699466e+04 
       5.759159359670e-03       2.280387530111e+04 
       5.872076781067e-03       2.305225404775e+04 
       5.985126092526e-03       2.329500833495e+04 
       6.098300834833e-03       2.353215660382e+04 
       6.211594993547e-03       2.376375273332e+04 
       6.325002963817e-03       2.398984954484e+04 
       6.438519518399e-03       2.421051912104e+04 
       6.481248695965e-03       2.429210315877e+04 
       6.552139778556e-03       2.442578061885e+04 
       6.665859187558e-03       2.463569919861e+04 
       6.779673486514e-03       2.484028891426e+04 
       6.893578692327e-03       2.503971683326e+04 
       7.007571077547e-03       2.523395005032e+04 
       7.121647151951e-03       2.542302982955e+04 
       7.235803645692e-03       2.560702957136e+04 
       7.350037493848e-03       2.578605079769e+04 
       7.464345822264e-03       2.596010099668e+04 
       7.578725934554e-03       2.612926011177e+04 
       7.693175300157e-03       2.629356422229e+04 
       7.807691543360e-03       2.645311166871e+04 
       7.922272433195e-03       2.660784887584e+04 
       8.036915874129e-03       2.675793759013e+04 
       8.151619897487e-03       2.690345729247e+04 
       8.266382653538e-03       2.704434956267e+04 
       8.381202404185e-03       2.718074468578e+04 
       8.496077516217e-03       2.731267467216e+04 
       8.611006455059e-03       2.744020530127e+04 
       8.725987779001e-03       2.756341473534e+04 
       8.841020133845e-03       2.768223309386e+04 
       8.956102247945e-03       2.779692230356e+04 
       9.071232927616e-03       2.790738184199e+04 
       9.186411052868e-03       2.801365598771e+04 
       9.301635573443e-03       2.811592161193e+04 
       9.416905505144e-03       2.821409988345e+04 
       9.532219926416e-03       2.830830797708e+04 
       9.647577975167e-03       2.839863396899e+04 
       9.762978845814e-03       2.848505286243e+04 
       9.878421786537e-03       2.856761629680e+04 
       9.993906096710e-03       2.864649179348e+04 
       1.010943112453e-02       2.872156603817e+04 
       1.022499626477e-02       2.879297120095e+04 
       1.034060095676e-02       2.886085741029e+04 
       1.045624468239e-02       2.892510865495e+04 
       1.057192696438e-02       2.898588874792e+04 
       1.068764736454e-02       2.904316095528e+04 
       1.080340548228e-02       2.909697247889e+04 
       1.091920095306e-02       2.914752847517e+04 
       1.103503344714e-02       2.919468455611e+04 
       1.115090266822e-02       2.923863940045e+04 
       1.126680835231e-02       2.927932629257e+04 
       1.138275026664e-02       2.931686149093e+04 
       1.149872820858e-02       2.935125451096e+04 
       1.161474200476e-02       2.938263291221e+04 
       1.173079151012e-02       2.941102251293e+04 
       1.184687660715e-02       2.943625949610e+04 
       1.196299720506e-02       2.945865476948e+04 
       1.207915323910e-02       2.947822060803e+04 
       1.219534466994e-02       2.949487483410e+04 
       1.231157148298e-02       2.950873215618e+04 
       1.242783368787e-02       2.951989200568e+04 
       1.254413131794e-02       2.952827663859e+04 
       1.266046442974e-02       2.953401025367e+04 
       1.277683310262e-02       2.953710203234e+04 
       1.289323743830e-02       2.953768833019e+04 
       1.296249739193e-02       2.953688305086e+04 
       1.300967756052e-02       2.953567274262e+04 
       1.312615361472e-02       2.953112294165e+04 
       1.324266576773e-02       2.952429000229e+04 
       1.335921420749e-02       2.951484747941e+04 
       1.347579914287e-02       2.950324024929e+04 
       1.359242080337e-02       2.948909777191e+04 
       1.370907943901e-02       2.947288835926e+04 
       1.382577532016e-02       2.945431431808e+04 
       1.394250873737e-02       2.943351852117e+04 
       1.405928000130e-02       2.941062456692e+04 
       1.417608944263e-02       2.938556880420e+04 
       1.429293741198e-02       2.935836333659e+04 
       1.440982427988e-02       2.932922935058e+04 
       1.452675043675e-02       2.929795520519e+04 
       1.464371629289e-02       2.926468628306e+04 
       1.476072227851e-02       2.922978807490e+04 
       1.487776884376e-02       2.919269095170e+04 
       1.499485645880e-02       2.915394847160e+04 
       1.511198561384e-02       2.911323622955e+04 
       1.522915681929e-02       2.907080438503e+04 
       1.534637060582e-02       2.902664745555e+04 
       1.546362752450e-02       2.898071962918e+04 
       1.558092814697e-02       2.893307651817e+04 
       1.569827306556e-02       2.888382425182e+04 
       1.581566289352e-02       2.883302282565e+04 
       1.593309826515e-02       2.878078792799e+04 
       1.605057983607e-02       2.872680609309e+04 
       1.616810828342e-02       2.867131016023e+04 
       1.628568430609e-02       2.861446728873e+04 
       1.640330862501e-02       2.855612927384e+04 
       1.652098198341e-02       2.849635151139e+04 
       1.663870514709e-02       2.843533399565e+04 
       1.675647890477e-02       2.837289376054e+04 
       1.687430406838e-02       2.830906598206e+04 
       1.699218147342e-02       2.824420539263e+04 
       1.711011197929e-02       2.817787257603e+04 
       1.722809646970e-02       2.811033519604e+04 
       1.734613585302e-02       2.804176651585e+04 
       1.746423106270e-02       2.797191110015e+04 
       1.758238305772e-02       2.790108357478e+04 
       1.770059282297e-02       2.782923650877e+04 
       1.781886136978e-02       2.775611820457e+04 
       1.793718973632e-02       2.768211143423e+04 
       1.805557898815e-02       2.760703272588e+04 
       1.817403021871e-02       2.753100860587e+04 
       1.829254454985e-02       2.745406676054e+04 
       1.841112313237e-02       2.737605146469e+04 
       1.852976714661e-02       2.729741015682e+04 
       1.864847780300e-02       2.721789084630e+04 
       1.876725634273e-02       2.713745408862e+04 
       1.888610403830e-02       2.705613193106e+04 
       1.900502219424e-02       2.697423748784e+04 
       1.912401214773e-02       2.689127884572e+04 
       1.924307526934e-02       2.680783464306e+04 
       1.936221296369e-02       2.672360654191e+04 
       1.948142667024e-02       2.663873172503e+04 
       1.960071786405e-02       2.655321246885e+04 
       1.972008805650e-02       2.646693103763e+04 
       1.983953879622e-02       2.638028179648e+04 
       1.995907166982e-02       2.629285737757e+04 
       2.007868830282e-02       2.620492385904e+04 
       2.019839036052e-02       2.611638286881e+04 
       2.031817954894e-02       2.602734367916e+04 
       2.043805761574e-02       2.593793040955e+04 
       2.055802635123e-02       2.584789447063e+04 
       2.067808758940e-02       2.575753592525e+04 
       2.079824320889e-02       2.566663609184e+04 
       2.091849513417e-02       2.557532952820e+04 
       2.103884533657e-02       2.548368472667e+04 
       2.115929583546e-02       2.539170920199e+04 
       2.127984869946e-02       2.529937783030e+04 
       2.140050604761e-02       2.520645533474e+04 
       2.152127005067e-02       2.511325489555e+04 
       2.164214293241e-02       2.502000321055e+04 
       2.176312697097e-02       2.492629893840e+04 
       2.188422450021e-02       2.483248522812e+04 
       2.200543791118e-02       2.473814680371e+04 
       2.212676965359e-02       2.464382473136e+04 
       2.224822223732e-02       2.454927059162e+04 
       2.236979823402e-02       2.445434599044e+04 
       2.249150027874e-02       2.435937138358e+04 
       2.261333107160e-02       2.426428633229e+04 
       2.273529337952e-02       2.416887435860e+04 
       2.285739003806e-02       2.407336519431e+04 
       2.297962395322e-02       2.397785309776e+04 
       2.310199810342e-02       2.388206328854e+04 
       2.322451554145e-02       2.378628826728e+04 
       2.334717939653e-02       2.369041551313e+04 
       2.346999287643e-02       2.359457402027e+04 
       2.359295926968e-02       2.349838037569e+04 
       2.371608194784e-02       2.340223382675e+04 
       2.383936436785e-02       2.330628284302e+04 
       2.396281007446e-02       2.321011618715e+04 
       2.408642270276e-02       2.311398085178e+04 
       2.421020598080e-02       2.301793135588e+04 
       2.433416373227e-02       2.292176406300e+04 
       2.445829987931e-02       2.282566622003e+04 
       2.458261844544e-02       2.272951635920e+04 
       2.470712355853e-02       2.263355446365e+04 
       2.483181945395e-02       2.253760208517e+04 
       2.495671047780e-02       2.244170824195e+04 
       2.508180109024e-02       2.234585437635e+04 
       2.520709586901e-02       2.225004005942e+04 
       2.533259951302e-02       2.215452626022e+04 
       2.545831684612e-02       2.205893950123e+04 
       2.558425282095e-02       2.196353237632e+04 
       2.571041252306e-02       2.186839826852e+04 
       2.583680117504e-02       2.177306029987e+04 
       2.596342414094e-02       2.167791090825e+04 
       2.609028693077e-02       2.158306377149e+04 
       2.621739520525e-02       2.148825105448e+04 
       2.634475478071e-02       2.139368142308e+04 
       2.647237163421e-02       2.129905098303e+04 
       2.660025190884e-02       2.120482565304e+04 
       2.672840191926e-02       2.111057447310e+04 
       2.685682815748e-02       2.101663471287e+04 
       2.698553729887e-02       2.092281535920e+04 
       2.711453620839e-02       2.082917767273e+04 
       2.724383194715e-02       2.073574506395e+04 
       2.737343177920e-02       2.064249313355e+04 
       2.750334317864e-02       2.054946441384e+04 
       2.763357383701e-02       2.045661864178e+04 
       2.776413167105e-02       2.036385622921e+04 
       2.789502483079e-02       2.027155741913e+04 
       2.802626170795e-02       2.017936490403e+04 
       2.815785094479e-02       2.008733127613e+04 
       2.828980144335e-02       1.999545128662e+04 
       2.842212237508e-02       1.990385634062e+04 
       2.855482319094e-02       1.981256741118e+04 
       2.868791363197e-02       1.972131325502e+04 
       2.882140374037e-02       1.963050067991e+04 
       2.895530387112e-02       1.953976843866e+04 
       2.908962470409e-02       1.944934010627e+04 
       2.922437725686e-02       1.935904424024e+04 
       2.935957289803e-02       1.926904221673e+04 
       2.949522336132e-02       1.917931215482e+04 
       2.963134076029e-02       1.908972166500e+04 
       2.976793760385e-02       1.900042544908e+04 
       2.990502681254e-02       1.891136943711e+04 
       3.004262173568e-02       1.882250173016e+04 
       3.018073616936e-02       1.873393785730e+04 
       3.031938437545e-02       1.864547643477e+04 
       3.045858110157e-02       1.855728479726e+04 
       3.059834160217e-02       1.846935904116e+04 
       3.073868166073e-02       1.838163268829e+04 
       3.087961761323e-02       1.829409628332e+04 
       3.102116637283e-02       1.820683139350e+04 
       3.116334545606e-02       1.811976276618e+04 
       3.130617301043e-02       1.803285763429e+04 
       3.144966784360e-02       1.794616291498e+04 
       3.159384945436e-02       1.785981684453e+04 
       3.173873806530e-02       1.777354391434e+04 
       3.188435465754e-02       1.768764940055e+04 
       3.203072100745e-02       1.760168503143e+04 
       3.217785972570e-02       1.751608549903e+04 
       3.232579429868e-02       1.743060937839e+04 
       3.247454913249e-02       1.734539574583e+04 
       3.262414959972e-02       1.726032737705e+04 
       3.277462208930e-02       1.717538007931e+04 
       3.292599405943e-02       1.709067461780e+04 
       3.307829409412e-02       1.700602883527e+04 
       3.323155196343e-02       1.692164010645e+04 
       3.338579868781e-02       1.683731908280e+04 
       3.354106660673e-02       1.675348866068e+04 
       3.369738945217e-02       1.666934753254e+04 
       3.385480242724e-02       1.658554785334e+04 
       3.401334229028e-02       1.650180893838e+04 
       3.417304744521e-02       1.641826787487e+04 
       3.433395803827e-02       1.633477274595e+04 
       3.449611606207e-02       1.625135214419e+04 
       3.465956546743e-02       1.616808907325e+04 
       3.482435228367e-02       1.608485823123e+04 
       3.499052474836e-02       1.600171779781e+04 
       3.515813344705e-02       1.591865723671e+04 
       3.532723146436e-02       1.583561880942e+04 
       3.549787454714e-02       1.575262117496e+04 
       3.567012128110e-02       1.566969146509e+04 
       3.584403328219e-02       1.558677393174e+04 
       3.601967540422e-02       1.550382531729e+04 
       3.619711596441e-02       1.542088087691e+04 
       3.637642698862e-02       1.533791392857e+04 
       3.655768447857e-02       1.525491301247e+04 
       3.674096870317e-02       1.517184445369e+04 
       3.692636451681e-02       1.508863822995e+04 
       3.711396170744e-02       1.500549363279e+04 
       3.730385537797e-02       1.492218110290e+04 
       3.749614636477e-02       1.483872906617e+04 
       3.769094169753e-02       1.475516708555e+04 
       3.788835510567e-02       1.467142940334e+04 
       3.808850757674e-02       1.458751332174e+04 
       3.829152797339e-02       1.450338935042e+04 
       3.849755371635e-02       1.441902712416e+04 
       3.870673154183e-02       1.433448313610e+04 
       3.891921834330e-02       1.424959305033e+04 
       3.913518210882e-02       1.416446326161e+04 
       3.935480296723e-02       1.407893702616e+04 
       3.957827435828e-02       1.399307178795e+04 
       3.980580434451e-02       1.390680939263e+04 
       4.003761708559e-02       1.382017403436e+04 
       4.027395449951e-02       1.373302206796e+04 
       4.051507813894e-02       1.364539621580e+04 
       4.076127131668e-02       1.355720846210e+04 
       4.101284151976e-02       1.346847781189e+04 
       4.127012315982e-02       1.337904817378e+04 
       4.153348071574e-02       1.328903735708e+04 
       4.180331233632e-02       1.319828525359e+04 
       4.208005398372e-02       1.310673136951e+04 
       4.236418421543e-02       1.301432513976e+04 
       4.265622972287e-02       1.292103725272e+04 
       4.295677177032e-02       1.282678678433e+04 
       4.326645370963e-02       1.273147738191e+04 
       4.358598978553e-02       1.263505076743e+04 
       4.391617549664e-02       1.253745916796e+04 
       4.425789983938e-02       1.243854879566e+04 
       4.461215984182e-02       1.233824348234e+04 
       4.498007789458e-02       1.223644194519e+04 
       4.536292251443e-02       1.213304601565e+04 
       4.576213333864e-02       1.202790218540e+04 
       4.617935135652e-02       1.192090752197e+04 
       4.661645564891e-02       1.181182426702e+04 
       4.707560824167e-02       1.170056899043e+04 
       4.755930910017e-02       1.158697977127e+04 
       4.807046381230e-02       1.147082712913e+04 
       4.861246713099e-02       1.135187265131e+04 
       4.918930625781e-02       1.122986544078e+04 
       4.980568847214e-02       1.110457906570e+04 
       5.046719826206e-02       1.097575053678e+04 
       5.118048907271e-02       1.084290031983e+04 
       5.195351328301e-02       1.070570561473e+04 
       5.279578932823e-02       1.056365073936e+04 
       5.371869377920e-02       1.041605001928e+04 
       5.473574305130e-02       1.026213601831e+04 
       5.586278556414e-02       1.010066786740e+04 
       5.711795029906e-02       9.929924080729e+03 
       5.852108874982e-02       9.747143775846e+03 
       6.009233502861e-02       9.548129253009e+03 
       6.184940922771e-02       9.326717892468e+03 
       6.380363876731e-02       9.074217576649e+03 
       6.595558487704e-02       8.780305362440e+03 
       6.829231615226e-02       8.435257312624e+03 
       7.078850861786e-02       8.034460147502e+03 
       7.341159781901e-02       7.582732234840e+03 
       7.612848068028e-02       7.096311436997e+03 
       7.891060131971e-02       6.600435699992e+03 
       8.173606572054e-02       6.123681916338e+03 
       8.458941522752e-02       5.691286419396e+03 
       8.746032391190e-02       5.320396341680e+03 
       9.034213904128e-02       5.017928519063e+03 
       9.323067159594e-02       4.781118091527e+03 
       9.612332129368e-02       4.599769419763e+03 
       9.901848812226e-02       4.459283297994e+03 
       1.019151927391e-01       4.344036627357e+03 
       1.048128375430e-01       4.240081673869e+03 
       1.077110584744e-01       4.137197798982e+03 
       1.106096338948e-01       4.029705295889e+03 
       1.135084288583e-01       3.916004568891e+03 
       1.164073611354e-01       3.797322102212e+03 
       1.193063805390e-01       3.675953683867e+03 
       1.222054563568e-01       3.553749982261e+03 
       1.251045697182e-01       3.431312332196e+03 
       1.280037089575e-01       3.308068143109e+03 
       1.296249739193e-01       3.238373930279e+03 
       1.309028667988e-01       3.182908234394e+03 
       1.338020386460e-01       3.055200311731e+03 
       1.367012215430e-01       2.925758330361e+03 
       1.396004135426e-01       2.797124309103e+03 
       1.424996133212e-01       2.673415826056e+03 
       1.453988199448e-01       2.559393364238e+03 
       1.482980327256e-01       2.459433052301e+03 
       1.511972511341e-01       2.376460261458e+03 
       1.540964747451e-01       2.311261392796e+03 
       1.569957032040e-01       2.262310976526e+03 
       1.598949362061e-01       2.226010883702e+03 
       1.627941734829e-01       2.197335416935e+03 
       1.656934147938e-01       2.171102820692e+03 
       1.685926599202e-01       2.142301194459e+03 
       1.714919086615e-01       2.107212623895e+03 
       1.743911608330e-01       2.064383786532e+03 
       1.772904162628e-01       2.014456193832e+03 
       1.801896747914e-01       1.959638842990e+03 
       1.830889362695e-01       1.902922513544e+03 
       1.859882005579e-01       1.847203940684e+03 
       1.888874675258e-01       1.794586971242e+03 
       1.917867370507e-01       1.746056719217e+03 
       1.946860090173e-01       1.701555336153e+03 
       1.975852833173e-01       1.660299517264e+03 
       2.004845598489e-01       1.621274848134e+03 
       2.033838385157e-01       1.583689773607e+03 
       2.062831192271e-01       1.547294412024e+03 
       2.091824018977e-01       1.512406252334e+03 
       2.120816864463e-01       1.479794125068e+03 
       2.149809727966e-01       1.450327847525e+03 
       2.178802608762e-01       1.424626308474e+03 
       2.207795506164e-01       1.402811559714e+03 
       2.236788419523e-01       1.384348316979e+03 
       2.265781348223e-01       1.368130827497e+03 
       2.294774291678e-01       1.352660852565e+03 
       2.323767249332e-01       1.336395825306e+03 
       2.352760220659e-01       1.318084579390e+03 
       2.381753205154e-01       1.297049847765e+03 
       2.410746202341e-01       1.273330171422e+03 
       2.439739211763e-01       1.247646588094e+03 
       2.468732232989e-01       1.221163284490e+03 
       2.497725265603e-01       1.195184515045e+03 
       2.526718309212e-01       1.170860268588e+03 
       2.555711363440e-01       1.148916252737e+03 
       2.584704427927e-01       1.129560182975e+03 
       2.613697502330e-01       1.112527802841e+03 
       2.642690586321e-01       1.097201904982e+03 
       2.671683679585e-01       1.082836308753e+03 
       2.700676781824e-01       1.068765289122e+03 
       2.729669892749e-01       1.054573455419e+03 
       2.758663012084e-01       1.040167821124e+03 
       2.787656139567e-01       1.025734374281e+03 
       2.816649274944e-01       1.011633088796e+03 
       2.845642417973e-01       9.982347244452e+02 
       2.874635568421e-01       9.857764323797e+02 
       2.903628726065e-01       9.742795885615e+02 
       2.932621890690e-01       9.635242658497e+02 
       2.961615062090e-01       9.531222950025e+02 
       2.990608240068e-01       9.426197092982e+02 
       3.019601424432e-01       9.316226633430e+02 
       3.048594615001e-01       9.199084067350e+02 
       3.077587811597e-01       9.074999524461e+02 
       3.106581014051e-01       8.946396746535e+02 
       3.135574222200e-01       8.817463668098e+02 
       3.164567435886e-01       8.692857272341e+02 
       3.193560654959e-01       8.576671525063e+02 
       3.222553879272e-01       8.471404751480e+02 
       3.251547108684e-01       8.377489546188e+02 
       3.280540343059e-01       8.293323570255e+02 
       3.309533582267e-01       8.215803876132e+02 
       3.338526826181e-01       8.141136887826e+02 
       3.367520074679e-01       8.065909837046e+02 
       3.396513327643e-01       7.987860250109e+02 
       3.425506584960e-01       7.906281601574e+02 
       3.454499846518e-01       7.822083968079e+02 
       3.483493112213e-01       7.737240706360e+02 
       3.512486381940e-01       7.654113431258e+02 
       3.541479655601e-01       7.574636347635e+02 
       3.570472933099e-01       7.499877459165e+02 
       3.599466214341e-01       7.429735049110e+02 
       3.628459499237e-01       7.363047312947e+02 
       3.657452787701e-01       7.298067050947e+02 
       3.686446079646e-01       7.232940702774e+02 
       3.715439374992e-01       7.166316292608e+02 
       3.744432673660e-01       7.097655268797e+02 
       3.773425975571e-01       7.027407920857e+02 
       3.802419280653e-01       6.956848203118e+02 
       3.831412588832e-01       6.887677323515e+02 
       3.860405900039e-01       6.821548594780e+02 
       3.889399214205e-01       6.759653121826e+02 
       3.918392531266e-01       6.702366284577e+02 
       3.947385851155e-01       6.649266174327e+02 
       3.976379173813e-01       6.599119725879e+02 
       4.005372499178e-01       6.550353903974e+02 
       4.034365827191e-01       6.501416517942e+02 
       4.063359157796e-01       6.451145136379e+02 
       4.092352490938e-01       6.399095975451e+02 
       4.121345826562e-01       6.345554569648e+02 
       4.150339164617e-01       6.291407642610e+02 
       4.179332505052e-01       6.237816196272e+02 
       4.208325847818e-01       6.185921183274e+02 
       4.237319192865e-01       6.136443830831e+02 
       4.266312540149e-01       6.089618545728e+02 
       4.295305889623e-01       6.045095797248e+02 
       4.324299241243e-01       6.002132504387e+02 
       4.353292594966e-01       5.959818353874e+02 
       4.382285950750e-01       5.917348804464e+02 
       4.411279308555e-01       5.874221423244e+02 
       4.440272668341e-01       5.830356301647e+02 
       4.469266030069e-01       5.786107752663e+02 
       4.498259393701e-01       5.742129995829e+02 
       4.527252759200e-01       5.699175682381e+02 
       4.556246126532e-01       5.657881165140e+02 
       4.585239495661e-01       5.618598746987e+02 
       4.614232866553e-01       5.581294508460e+02 
       4.643226239175e-01       5.545576990429e+02 
       4.672219613494e-01       5.510795853594e+02 
       4.701212989480e-01       5.476244363767e+02 
       4.730206367101e-01       5.441319304029e+02 
       4.759199746327e-01       5.405681118553e+02 
       4.788193127130e-01       5.369335901412e+02 
       4.817186509480e-01       5.332629252780e+02 
       4.846179893350e-01       5.296087997016e+02 
       4.875173278713e-01       5.260295313713e+02 
       4.904166665542e-01       5.225711900056e+02 
       4.933160053810e-01       5.192564506781e+02 
       4.962153443494e-01       5.160802326274e+02 
       4.991146834568e-01       5.130133431922e+02 
       5.020140227007e-01       5.100117523869e+02 
       5.049133620789e-01       5.070293822871e+02 
       5.078127015890e-01       5.040298330745e+02 
       5.107120412288e-01       5.009976249876e+02 
       5.136113809961e-01       4.979364402864e+02 
       5.165107208887e-01       4.948705914479e+02 
       5.194100609045e-01       4.918335991498e+02 
       5.223094010414e-01       4.888616500601e+02 
       5.252087412975e-01       4.859798854771e+02 
       5.281080816708e-01       4.831999075576e+02 
       5.310074221593e-01       4.805137362659e+02 
       5.339067627612e-01       4.778972587237e+02 
       5.368061034746e-01       4.753197353493e+02 
       5.397054442977e-01       4.727477512794e+02 
       5.426047852288e-01       4.701586588908e+02 
       5.455041262662e-01       4.675431851153e+02 
       5.484034674080e-01       4.649080933533e+02 
       5.513028086528e-01       4.622748043815e+02 
       5.542021499989e-01       4.596700249641e+02 
       5.571014914446e-01       4.571203045042e+02 
       5.600008329885e-01       4.546422386094e+02 
       5.629001746290e-01       4.522414347855e+02 
       5.657995163646e-01       4.499089492161e+02 
       5.686988581938e-01       4.476264520599e+02 
       5.715982001154e-01       4.453712265817e+02 
       5.744975421277e-01       4.431220302401e+02 
       5.773968842295e-01       4.408649796700e+02 
       5.802962264195e-01       4.385952455187e+02 
       5.831955686962e-01       4.363199253254e+02 
       5.860949110585e-01       4.340522074563e+02 
       5.889942535050e-01       4.318102113897e+02 
       5.918935960345e-01       4.296101490604e+02 
       5.947929386458e-01       4.274619480167e+02 
       5.976922813377e-01       4.253684616613e+02 
       6.005916241091e-01       4.233229013795e+02 
       6.034909669587e-01       4.213125256028e+02 
       6.063903098854e-01       4.193204905839e+02 
       6.092896528882e-01       4.173331305691e+02 
       6.121889959660e-01       4.153403034211e+02 
       6.150883391177e-01       4.133409807135e+02 
       6.179876823422e-01       4.113407227906e+02 
       6.208870256386e-01       4.093508789359e+02 
       6.237863690058e-01       4.073851610215e+02 
       6.266857124429e-01       4.054544335959e+02 
       6.295850559488e-01       4.035654636959e+02 
       6.324843995227e-01       4.017180018725e+02 
       6.353837431636e-01       3.999056524405e+02 
       6.382830868706e-01       3.981180916672e+02 
       6.411824306427e-01       3.963441738752e+02 
       6.440817744792e-01       3.945745803223e+02 
       6.469811183790e-01       3.928040059884e+02 
       6.498804623415e-01       3.910319318082e+02 
       6.527798063657e-01       3.892632532914e+02 
       6.556791504509e-01       3.875058071476e+02 
       6.585784945962e-01       3.857675031394e+02 
       6.614778388008e-01       3.840565700546e+02 
       6.643771830639e-01       3.823762107394e+02 
       6.672765273849e-01       3.807266087401e+02 
       6.701758717629e-01       3.791034078576e+02 
       6.730752161972e-01       3.774992706817e+02 
       6.759745606870e-01       3.759065058361e+02 
       6.788739052317e-01       3.743179011499e+02 
       7.413702697005e-01       3.428709496951e+02 
       8.315536464176e-01       3.059094447867e+02 
       9.746073237358e-01       2.608510156878e+02 
       1.201443000538e+00       2.098797464122e+02 
       1.296249739193e+00       1.933530722493e+02 
       1.510348333077e+00       1.628807051652e+02 
       1.901377066969e+00       1.233730183114e+02 
       2.393691772788e+00       9.088631793012e+01 
       3.013479400702e+00       6.492511203677e+01 
       3.793745795461e+00       4.496301304492e+01 
       4.776042987794e+00       3.025220480098e+01 
       6.012681885155e+00       1.984175038412e+01 
       7.569518018256e+00       1.273407767682e+01 
