# Matter power spectrum P(k) at redshift z=0
# for k=9.41771e-06 to 7.56952 h/Mpc,
# number of wavenumbers equal to 620
#    1:k (h/Mpc)              2:P (Mpc/h)^3        
       9.417708517908e-06       6.429832306914e+01 
       2.103609723106e-05       1.397543547934e+02 
       3.268772368722e-05       2.139328376868e+02 
       4.439808197034e-05       2.875608325973e+02 
       5.619300967057e-05       3.610419213678e+02 
       6.809887545235e-05       4.346716838483e+02 
       8.014277154133e-05       5.086978654066e+02 
       9.235271324347e-05       5.833446604378e+02 
       1.047578476273e-04       6.588249102004e+02 
       1.173886735218e-04       7.353472267483e+02 
       1.302772750005e-04       8.130664391256e+02 
       1.434575705227e-04       8.922927476272e+02 
       1.569655798779e-04       9.732017737295e+02 
       1.708397109951e-04       1.056022529587e+03 
       1.851210685241e-04       1.141004699103e+03 
       1.998537858245e-04       1.228375636326e+03 
       2.150853815614e-04       1.318432327606e+03 
       2.308671414628e-04       1.411453979658e+03 
       2.472545248413e-04       1.507748785848e+03 
       2.643075941540e-04       1.607647341131e+03 
       2.820914640417e-04       1.711504484299e+03 
       3.006767638268e-04       1.819701699170e+03 
       3.201401042132e-04       1.932648819705e+03 
       3.405645347668e-04       2.050776561802e+03 
       3.620399735256e-04       2.174585259315e+03 
       3.846635836910e-04       2.304550621059e+03 
       4.085400647907e-04       2.441219763701e+03 
       4.337818171177e-04       2.585162018644e+03 
       4.605089290567e-04       2.736977529532e+03 
       4.888489278650e-04       2.897293045784e+03 
       5.189362268453e-04       3.066756982597e+03 
       5.509111974421e-04       3.246032048129e+03 
       5.849187960596e-04       3.435784412153e+03 
       6.211066851969e-04       3.636670996015e+03 
       6.596228098188e-04       3.849324678922e+03 
       7.006124250697e-04       4.074333047443e+03 
       7.442146212525e-04       4.312219522174e+03 
       7.905584543608e-04       4.563420361377e+03 
       8.397588594919e-04       4.828261465510e+03 
       8.919125901366e-04       5.106936967716e+03 
       9.470944754041e-04       5.399490529926e+03 
       1.005354305815e-03       5.705802246328e+03 
       1.066714635697e-03       6.025581146983e+03 
       1.131169723101e-03       6.358364622186e+03 
       1.198685723065e-03       6.703528113143e+03 
       1.269202123384e-03       7.060289981803e+03 
       1.296249739193e-03       7.196118851228e+03 
       1.342634286097e-03       7.427753076780e+03 
       1.418876855117e-03       7.804929665334e+03 
       1.497807727306e-03       8.190750271410e+03 
       1.579292267080e-03       8.584103979463e+03 
       1.663187469673e-03       8.983858822665e+03 
       1.749345833683e-03       9.388894763092e+03 
       1.837618774831e-03       9.798120787902e+03 
       1.927859485810e-03       1.021048449375e+04 
       2.019925211399e-03       1.062499383993e+04 
       2.113678957809e-03       1.104072182302e+04 
       2.208990688881e-03       1.145681082011e+04 
       2.305738080596e-03       1.187247187801e+04 
       2.403806912287e-03       1.228699670903e+04 
       2.503091171399e-03       1.269972904689e+04 
       2.603492941814e-03       1.311010217687e+04 
       2.704922136162e-03       1.351759961158e+04 
       2.807296122086e-03       1.392175196476e+04 
       2.910539282327e-03       1.432216144153e+04 
       3.014582539337e-03       1.471846785998e+04 
       3.119362867385e-03       1.511037435530e+04 
       3.224822808680e-03       1.549759229794e+04 
       3.330910004956e-03       1.587989279638e+04 
       3.437576751997e-03       1.625707757276e+04 
       3.544779581611e-03       1.662896650447e+04 
       3.652478873342e-03       1.699542004160e+04 
       3.760638496661e-03       1.735631198851e+04 
       3.869225483248e-03       1.771153846848e+04 
       3.978209728281e-03       1.806102514144e+04 
       4.087563719153e-03       1.840470131409e+04 
       4.197262289815e-03       1.874249041768e+04 
       4.307282398788e-03       1.907440376405e+04 
       4.417602928878e-03       1.940037228146e+04 
       4.528204506683e-03       1.972039353754e+04 
       4.639069340048e-03       2.003445957007e+04 
       4.750181071739e-03       2.034255904550e+04 
       4.861524647749e-03       2.064472251463e+04 
       4.973086198753e-03       2.094093206299e+04 
       5.084852933383e-03       2.123122153434e+04 
       5.196813042098e-03       2.151560141637e+04 
       5.308955610552e-03       2.179411974331e+04 
       5.421270541487e-03       2.206676228729e+04 
       5.533748484236e-03       2.233364999948e+04 
       5.646380771071e-03       2.259477771236e+04 
       5.759159359670e-03       2.285012522357e+04 
       5.872076781067e-03       2.309980399437e+04 
       5.985126092526e-03       2.334385884960e+04 
       6.098300834833e-03       2.358230787754e+04 
       6.211594993547e-03       2.381520464904e+04 
       6.325002963817e-03       2.404260164598e+04 
       6.438519518399e-03       2.426457062886e+04 
       6.481248695965e-03       2.434664311736e+04 
       6.552139778556e-03       2.448113029041e+04 
       6.665859187558e-03       2.469234541177e+04 
       6.779673486514e-03       2.489822953939e+04 
       6.893578692327e-03       2.509894958741e+04 
       7.007571077547e-03       2.529447204021e+04 
       7.121647151951e-03       2.548483773614e+04 
       7.235803645692e-03       2.567011974937e+04 
       7.350037493848e-03       2.585041937596e+04 
       7.464345822264e-03       2.602574367761e+04 
       7.578725934554e-03       2.619617238608e+04 
       7.693175300157e-03       2.636174128736e+04 
       7.807691543360e-03       2.652254862020e+04 
       7.922272433195e-03       2.667854033469e+04 
       8.036915874129e-03       2.682987828117e+04 
       8.151619897487e-03       2.697664184310e+04 
       8.266382653538e-03       2.711877212725e+04 
       8.381202404185e-03       2.725639944293e+04 
       8.496077516217e-03       2.738955553808e+04 
       8.611006455059e-03       2.751830599283e+04 
       8.725987779001e-03       2.764272876850e+04 
       8.841020133845e-03       2.776275331432e+04 
       8.956102247945e-03       2.787864179428e+04 
       9.071232927616e-03       2.799029282460e+04 
       9.186411052868e-03       2.809775018588e+04 
       9.301635573443e-03       2.820119060147e+04 
       9.416905505144e-03       2.830053428105e+04 
       9.532219926416e-03       2.839589798981e+04 
       9.647577975167e-03       2.848736928035e+04 
       9.762978845814e-03       2.857492225848e+04 
       9.878421786537e-03       2.865860788854e+04 
       9.993906096710e-03       2.873859338676e+04 
       1.010943112453e-02       2.881476424992e+04 
       1.022499626477e-02       2.888725226045e+04 
       1.034060095676e-02       2.895620725801e+04 
       1.045624468239e-02       2.902151211361e+04 
       1.057192696438e-02       2.908333048633e+04 
       1.068764736454e-02       2.914162488193e+04 
       1.080340548228e-02       2.919644207810e+04 
       1.091920095306e-02       2.924798741393e+04 
       1.103503344714e-02       2.929611555989e+04 
       1.115090266822e-02       2.934102549649e+04 
       1.126680835231e-02       2.938264996051e+04 
       1.138275026664e-02       2.942110536248e+04 
       1.149872820858e-02       2.945640105959e+04 
       1.161474200476e-02       2.948866492833e+04 
       1.173079151012e-02       2.951792279634e+04 
       1.184687660715e-02       2.954401020989e+04 
       1.196299720506e-02       2.956723919447e+04 
       1.207915323910e-02       2.958762210072e+04 
       1.219534466994e-02       2.960507650048e+04 
       1.231157148298e-02       2.961971759290e+04 
       1.242783368787e-02       2.963164526549e+04 
       1.254413131794e-02       2.964078157470e+04 
       1.266046442974e-02       2.964725128169e+04 
       1.277683310262e-02       2.965106369965e+04 
       1.289323743830e-02       2.965235580125e+04 
       1.296249739193e-02       2.965196350278e+04 
       1.300967756052e-02       2.965103090209e+04 
       1.312615361472e-02       2.964715701714e+04 
       1.324266576773e-02       2.964098627913e+04 
       1.335921420749e-02       2.963219103828e+04 
       1.347579914287e-02       2.962121798334e+04 
       1.359242080337e-02       2.960769516904e+04 
       1.370907943901e-02       2.959209282136e+04 
       1.382577532016e-02       2.957411210934e+04 
       1.394250873737e-02       2.955389651960e+04 
       1.405928000130e-02       2.953157019094e+04 
       1.417608944263e-02       2.950706925256e+04 
       1.429293741198e-02       2.948040588820e+04 
       1.440982427988e-02       2.945180222361e+04 
       1.452675043675e-02       2.942104577086e+04 
       1.464371629289e-02       2.938828253047e+04 
       1.476072227851e-02       2.935387953822e+04 
       1.487776884376e-02       2.931726478624e+04 
       1.499485645880e-02       2.927899415332e+04 
       1.511198561384e-02       2.923874184750e+04 
       1.522915681929e-02       2.919675905629e+04 
       1.534637060582e-02       2.915304022647e+04 
       1.546362752450e-02       2.910753927991e+04 
       1.558092814697e-02       2.906031197555e+04 
       1.569827306556e-02       2.901146478824e+04 
       1.581566289352e-02       2.896105783985e+04 
       1.593309826515e-02       2.890920716713e+04 
       1.605057983607e-02       2.885559773671e+04 
       1.616810828342e-02       2.880046319379e+04 
       1.628568430609e-02       2.874397120257e+04 
       1.640330862501e-02       2.868597263741e+04 
       1.652098198341e-02       2.862652285442e+04 
       1.663870514709e-02       2.856582244530e+04 
       1.675647890477e-02       2.850368730093e+04 
       1.687430406838e-02       2.844015241986e+04 
       1.699218147342e-02       2.837557381371e+04 
       1.711011197929e-02       2.830950971577e+04 
       1.722809646970e-02       2.824222866847e+04 
       1.734613585302e-02       2.817390440176e+04 
       1.746423106270e-02       2.810427997196e+04 
       1.758238305772e-02       2.803367115678e+04 
       1.770059282297e-02       2.796203001888e+04 
       1.781886136978e-02       2.788910341212e+04 
       1.793718973632e-02       2.781527566711e+04 
       1.805557898815e-02       2.774036224203e+04 
       1.817403021871e-02       2.766449008922e+04 
       1.829254454985e-02       2.758768689303e+04 
       1.841112313237e-02       2.750979608550e+04 
       1.852976714661e-02       2.743126719297e+04 
       1.864847780300e-02       2.735184700311e+04 
       1.876725634273e-02       2.727149590172e+04 
       1.888610403830e-02       2.719024614661e+04 
       1.900502219424e-02       2.710841247330e+04 
       1.912401214773e-02       2.702550070098e+04 
       1.924307526934e-02       2.694209245670e+04 
       1.936221296369e-02       2.685788813415e+04 
       1.948142667024e-02       2.677302580525e+04 
       1.960071786405e-02       2.668750799312e+04 
       1.972008805650e-02       2.660121662804e+04 
       1.983953879622e-02       2.651454829707e+04 
       1.995907166982e-02       2.642709387620e+04 
       2.007868830282e-02       2.633912104099e+04 
       2.019839036052e-02       2.625053119929e+04 
       2.031817954894e-02       2.616143443623e+04 
       2.043805761574e-02       2.607195575569e+04 
       2.055802635123e-02       2.598184556028e+04 
       2.067808758940e-02       2.589140565877e+04 
       2.079824320889e-02       2.580041647481e+04 
       2.091849513417e-02       2.570901343990e+04 
       2.103884533657e-02       2.561726556822e+04 
       2.115929583546e-02       2.552518056378e+04 
       2.127984869946e-02       2.543273329983e+04 
       2.140050604761e-02       2.533968738932e+04 
       2.152127005067e-02       2.524635769964e+04 
       2.164214293241e-02       2.515297216133e+04 
       2.176312697097e-02       2.505912739311e+04 
       2.188422450021e-02       2.496516833907e+04 
       2.200543791118e-02       2.487067755850e+04 
       2.212676965359e-02       2.477619891845e+04 
       2.224822223732e-02       2.468148267109e+04 
       2.236979823402e-02       2.458638964677e+04 
       2.249150027874e-02       2.449124192667e+04 
       2.261333107160e-02       2.439597869271e+04 
       2.273529337952e-02       2.430038225246e+04 
       2.285739003806e-02       2.420468347666e+04 
       2.297962395322e-02       2.410897705144e+04 
       2.310199810342e-02       2.401298666254e+04 
       2.322451554145e-02       2.391700629694e+04 
       2.334717939653e-02       2.382092276991e+04 
       2.346999287643e-02       2.372486570794e+04 
       2.359295926968e-02       2.362844959131e+04 
       2.371608194784e-02       2.353207576648e+04 
       2.383936436785e-02       2.343589347821e+04 
       2.396281007446e-02       2.333948925509e+04 
       2.408642270276e-02       2.324311141603e+04 
       2.421020598080e-02       2.314681478486e+04 
       2.433416373227e-02       2.305039464183e+04 
       2.445829987931e-02       2.295403928443e+04 
       2.458261844544e-02       2.285762663094e+04 
       2.470712355853e-02       2.276139803497e+04 
       2.483181945395e-02       2.266517414743e+04 
       2.495671047780e-02       2.256900433895e+04 
       2.508180109024e-02       2.247287004450e+04 
       2.520709586901e-02       2.237677093499e+04 
       2.533259951302e-02       2.228096953053e+04 
       2.545831684612e-02       2.218509041333e+04 
       2.558425282095e-02       2.208938769310e+04 
       2.571041252306e-02       2.199395539911e+04 
       2.583680117504e-02       2.189831413398e+04 
       2.596342414094e-02       2.180285863726e+04 
       2.609028693077e-02       2.170770334547e+04 
       2.621739520525e-02       2.161257905113e+04 
       2.634475478071e-02       2.151769569722e+04 
       2.647237163421e-02       2.142274779433e+04 
       2.660025190884e-02       2.132820396588e+04 
       2.672840191926e-02       2.123363092221e+04 
       2.685682815748e-02       2.113936790031e+04 
       2.698553729887e-02       2.104522287614e+04 
       2.711453620839e-02       2.095125750451e+04 
       2.724383194715e-02       2.085749536547e+04 
       2.737343177920e-02       2.076391194701e+04 
       2.750334317864e-02       2.067055003535e+04 
       2.763357383701e-02       2.057736914200e+04 
       2.776413167105e-02       2.048426910556e+04 
       2.789502483079e-02       2.039163231614e+04 
       2.802626170795e-02       2.029909941284e+04 
       2.815785094479e-02       2.020672325959e+04 
       2.828980144335e-02       2.011449854769e+04 
       2.842212237508e-02       2.002255740445e+04 
       2.855482319094e-02       1.993092089766e+04 
       2.868791363197e-02       1.983931620549e+04 
       2.882140374037e-02       1.974815245309e+04 
       2.895530387112e-02       1.965706630899e+04 
       2.908962470409e-02       1.956628263318e+04 
       2.922437725686e-02       1.947562900558e+04 
       2.935957289803e-02       1.938526775395e+04 
       2.949522336132e-02       1.929517690535e+04 
       2.963134076029e-02       1.920522334835e+04 
       2.976793760385e-02       1.911556273602e+04 
       2.990502681254e-02       1.902614075195e+04 
       3.004262173568e-02       1.893690527044e+04 
       3.018073616936e-02       1.884797257566e+04 
       3.031938437545e-02       1.875914019924e+04 
       3.045858110157e-02       1.867057654162e+04 
       3.059834160217e-02       1.858227776943e+04 
       3.073868166073e-02       1.849417710786e+04 
       3.087961761323e-02       1.840626513338e+04 
       3.102116637283e-02       1.831862397164e+04 
       3.116334545606e-02       1.823117800144e+04 
       3.130617301043e-02       1.814389432838e+04 
       3.144966784360e-02       1.805682019508e+04 
       3.159384945436e-02       1.797009469135e+04 
       3.173873806530e-02       1.788344071472e+04 
       3.188435465754e-02       1.779716535408e+04 
       3.203072100745e-02       1.771081769932e+04 
       3.217785972570e-02       1.762483499666e+04 
       3.232579429868e-02       1.753897437957e+04 
       3.247454913249e-02       1.745337572453e+04 
       3.262414959972e-02       1.736792108521e+04 
       3.277462208930e-02       1.728258609517e+04 
       3.292599405943e-02       1.719749220713e+04 
       3.307829409412e-02       1.711245615720e+04 
       3.323155196343e-02       1.702767647400e+04 
       3.338579868781e-02       1.694296267247e+04 
       3.354106660673e-02       1.685874016677e+04 
       3.369738945217e-02       1.677420288863e+04 
       3.385480242724e-02       1.669000690084e+04 
       3.401334229028e-02       1.660586988040e+04 
       3.417304744521e-02       1.652192978023e+04 
       3.433395803827e-02       1.643803383224e+04 
       3.449611606207e-02       1.635421086236e+04 
       3.465956546743e-02       1.627054444086e+04 
       3.482435228367e-02       1.618690858607e+04 
       3.499052474836e-02       1.610336189655e+04 
       3.515813344705e-02       1.601989383757e+04 
       3.532723146436e-02       1.593644638023e+04 
       3.549787454714e-02       1.585303834236e+04 
       3.567012128110e-02       1.576969705252e+04 
       3.584403328219e-02       1.568636644517e+04 
       3.601967540422e-02       1.560300300618e+04 
       3.619711596441e-02       1.551964219027e+04 
       3.637642698862e-02       1.543625713215e+04 
       3.655768447857e-02       1.535283626521e+04 
       3.674096870317e-02       1.526934567067e+04 
       3.692636451681e-02       1.518571485493e+04 
       3.711396170744e-02       1.510214426857e+04 
       3.730385537797e-02       1.501840292448e+04 
       3.749614636477e-02       1.493451938960e+04 
       3.769094169753e-02       1.485052338873e+04 
       3.788835510567e-02       1.476634876268e+04 
       3.808850757674e-02       1.468199281433e+04 
       3.829152797339e-02       1.459742590320e+04 
       3.849755371635e-02       1.451261752400e+04 
       3.870673154183e-02       1.442762456693e+04 
       3.891921834330e-02       1.434228175472e+04 
       3.913518210882e-02       1.425669618108e+04 
       3.935480296723e-02       1.417071019265e+04 
       3.957827435828e-02       1.408438160651e+04 
       3.980580434451e-02       1.399765191496e+04 
       4.003761708559e-02       1.391054543251e+04 
       4.027395449951e-02       1.382291758113e+04 
       4.051507813894e-02       1.373481126673e+04 
       4.076127131668e-02       1.364613782859e+04 
       4.101284151976e-02       1.355691627619e+04 
       4.127012315982e-02       1.346698945290e+04 
       4.153348071574e-02       1.337647578634e+04 
       4.180331233632e-02       1.328521411641e+04 
       4.208005398372e-02       1.319314353494e+04 
       4.236418421543e-02       1.310021315677e+04 
       4.265622972287e-02       1.300639350096e+04 
       4.295677177032e-02       1.291160316737e+04 
       4.326645370963e-02       1.281574521896e+04 
       4.358598978553e-02       1.271876097247e+04 
       4.391617549664e-02       1.262060224420e+04 
       4.425789983938e-02       1.252111409572e+04 
       4.461215984182e-02       1.242021959613e+04 
       4.498007789458e-02       1.231781647206e+04 
       4.536292251443e-02       1.221380556747e+04 
       4.576213333864e-02       1.210803208333e+04 
       4.617935135652e-02       1.200039217408e+04 
       4.661645564891e-02       1.189064642858e+04 
       4.707560824167e-02       1.177871070144e+04 
       4.755930910017e-02       1.166442173884e+04 
       4.807046381230e-02       1.154754801159e+04 
       4.861246713099e-02       1.142784860108e+04 
       4.918930625781e-02       1.130506971300e+04 
       4.980568847214e-02       1.117898211551e+04 
       5.046719826206e-02       1.104932002299e+04 
       5.118048907271e-02       1.091559985667e+04 
       5.195351328301e-02       1.077749500149e+04 
       5.279578932823e-02       1.063448328183e+04 
       5.371869377920e-02       1.048587052827e+04 
       5.473574305130e-02       1.033088095288e+04 
       5.586278556414e-02       1.016826239825e+04 
       5.711795029906e-02       9.996275817230e+03 
       5.852108874982e-02       9.812136379577e+03 
       6.009233502861e-02       9.611617495097e+03 
       6.184940922771e-02       9.388514023514e+03 
       6.380363876731e-02       9.134086536167e+03 
       6.595558487704e-02       8.837961873894e+03 
       6.829231615226e-02       8.490384900997e+03 
       7.078850861786e-02       8.086746626233e+03 
       7.341159781901e-02       7.631926287628e+03 
       7.612848068028e-02       7.142275779451e+03 
       7.891060131971e-02       6.643179838971e+03 
       8.173606572054e-02       6.163366362917e+03 
       8.458941522752e-02       5.728196252313e+03 
       8.746032391190e-02       5.354894287372e+03 
       9.034213904128e-02       5.050400008994e+03 
       9.323067159594e-02       4.811921186211e+03 
       9.612332129368e-02       4.629198275859e+03 
       9.901848812226e-02       4.487549745588e+03 
       1.019151927391e-01       4.371271297547e+03 
       1.048128375430e-01       4.266349530449e+03 
       1.077110584744e-01       4.162521756851e+03 
       1.106096338948e-01       4.054089661298e+03 
       1.135084288583e-01       3.939452459107e+03 
       1.164073611354e-01       3.819845123818e+03 
       1.193063805390e-01       3.697574029585e+03 
       1.222054563568e-01       3.574497368588e+03 
       1.251045697182e-01       3.451219011851e+03 
       1.280037089575e-01       3.327165048902e+03 
       1.296249739193e-01       3.257030399455e+03 
       1.309028667988e-01       3.201223592386e+03 
       1.338020386460e-01       3.072760977104e+03 
       1.367012215430e-01       2.942593010017e+03 
       1.396004135426e-01       2.813266864251e+03 
       1.424996133212e-01       2.688908054862e+03 
       1.453988199448e-01       2.574285707885e+03 
       1.482980327256e-01       2.473782934500e+03 
       1.511972511341e-01       2.390327743961e+03 
       1.540964747451e-01       2.324703151196e+03 
       1.569957032040e-01       2.275374402535e+03 
       1.598949362061e-01       2.238730085399e+03 
       1.627941734829e-01       2.209730489692e+03 
       1.656934147938e-01       2.183182993881e+03 
       1.685926599202e-01       2.154069117523e+03 
       1.714919086615e-01       2.118669458544e+03 
       1.743911608330e-01       2.075533196092e+03 
       1.772904162628e-01       2.025305780706e+03 
       1.801896747914e-01       1.970199810648e+03 
       1.830889362695e-01       1.913208532241e+03 
       1.859882005579e-01       1.857229855174e+03 
       1.888874675258e-01       1.804367647721e+03 
       1.917867370507e-01       1.755606183307e+03 
       1.946860090173e-01       1.710886328120e+03 
       1.975852833173e-01       1.669423474249e+03 
       2.004845598489e-01       1.630202185824e+03 
       2.033838385157e-01       1.592430218451e+03 
       2.062831192271e-01       1.555857175003e+03 
       2.091824018977e-01       1.520799967169e+03 
       2.120816864463e-01       1.488026575757e+03 
       2.149809727966e-01       1.458405623991e+03 
       2.178802608762e-01       1.432554547337e+03 
       2.207795506164e-01       1.410593915791e+03 
       2.236788419523e-01       1.391987338998e+03 
       2.265781348223e-01       1.375628745138e+03 
       2.294774291678e-01       1.360020704336e+03 
       2.323767249332e-01       1.343622517798e+03 
       2.352760220659e-01       1.325185427256e+03 
       2.381753205154e-01       1.304034239132e+03 
       2.410746202341e-01       1.280208399509e+03 
       2.439739211763e-01       1.254428289701e+03 
       2.468732232989e-01       1.227856156732e+03 
       2.497725265603e-01       1.201793660058e+03 
       2.526718309212e-01       1.177388204595e+03 
       2.555711363440e-01       1.155363529616e+03 
       2.584704427927e-01       1.135926269519e+03 
       2.613697502330e-01       1.118812019003e+03 
       2.642690586321e-01       1.103404297317e+03 
       2.671683679585e-01       1.088958203074e+03 
       2.700676781824e-01       1.074809419896e+03 
       2.729669892749e-01       1.060543598242e+03 
       2.758663012084e-01       1.046068056078e+03 
       2.787656139567e-01       1.031568279293e+03 
       2.816649274944e-01       1.017403108530e+03 
       2.845642417973e-01       1.003941983271e+03 
       2.874635568421e-01       9.914210207780e+02 
       2.903628726065e-01       9.798611894783e+02 
       2.932621890690e-01       9.690429882315e+02 
       2.961615062090e-01       9.585793992529e+02 
       2.990608240068e-01       9.480180655462e+02 
       3.019601424432e-01       9.369667458197e+02 
       3.048594615001e-01       9.252037636093e+02 
       3.077587811597e-01       9.127522347242e+02 
       3.106581014051e-01       8.998536548589e+02 
       3.135574222200e-01       8.869250773314e+02 
       3.164567435886e-01       8.744301299352e+02 
       3.193560654959e-01       8.627762584061e+02 
       3.222553879272e-01       8.522119337344e+02 
       3.251547108684e-01       8.427798973512e+02 
       3.280540343059e-01       8.343203076965e+02 
       3.309533582267e-01       8.265240325361e+02 
       3.338526826181e-01       8.190133601365e+02 
       3.367520074679e-01       8.114486595983e+02 
       3.396513327643e-01       8.036049006444e+02 
       3.425506584960e-01       7.954119119936e+02 
       3.454499846518e-01       7.869603113896e+02 
       3.483493112213e-01       7.784464017669e+02 
       3.512486381940e-01       7.701050134385e+02 
       3.541479655601e-01       7.621283944031e+02 
       3.570472933099e-01       7.546226024265e+02 
       3.599466214341e-01       7.475773704854e+02 
       3.628459499237e-01       7.408770664772e+02 
       3.657452787701e-01       7.343479335708e+02 
       3.686446079646e-01       7.278057271659e+02 
       3.715439374992e-01       7.211161207585e+02 
       3.744432673660e-01       7.142256525559e+02 
       3.773425975571e-01       7.071791054203e+02 
       3.802419280653e-01       7.001030538465e+02 
       3.831412588832e-01       6.931664599578e+02 
       3.860405900039e-01       6.865334709039e+02 
       3.889399214205e-01       6.803222766951e+02 
       3.918392531266e-01       6.745700212379e+02 
       3.947385851155e-01       6.692346660167e+02 
       3.976379173813e-01       6.641936578917e+02 
       4.005372499178e-01       6.592907544639e+02 
       4.034365827191e-01       6.543718611627e+02 
       4.063359157796e-01       6.493216363486e+02 
       4.092352490938e-01       6.440960930174e+02 
       4.121345826562e-01       6.387236125780e+02 
       4.150339164617e-01       6.332921988268e+02 
       4.179332505052e-01       6.279170268168e+02 
       4.208325847818e-01       6.227112400340e+02 
       4.237319192865e-01       6.177463124261e+02 
       4.266312540149e-01       6.130454127692e+02 
       4.295305889623e-01       6.085737984170e+02 
       4.324299241243e-01       6.042577221370e+02 
       4.353292594966e-01       6.000068906655e+02 
       4.382285950750e-01       5.957415359016e+02 
       4.411279308555e-01       5.914118672627e+02 
       4.440272668341e-01       5.870099857645e+02 
       4.469266030069e-01       5.825710190019e+02 
       4.498259393701e-01       5.781597930129e+02 
       4.527252759200e-01       5.738508610393e+02 
       4.556246126532e-01       5.697072285770e+02 
       4.585239495661e-01       5.657637403417e+02 
       4.614232866553e-01       5.620169721423e+02 
       4.643226239175e-01       5.584280917772e+02 
       4.672219613494e-01       5.549326506588e+02 
       4.701212989480e-01       5.514606476518e+02 
       4.730206367101e-01       5.479523618379e+02 
       4.759199746327e-01       5.443741958067e+02 
       4.788193127130e-01       5.407267743708e+02 
       4.817186509480e-01       5.370443184484e+02 
       4.846179893350e-01       5.333789667524e+02 
       4.875173278713e-01       5.297884134048e+02 
       4.904166665542e-01       5.263182129721e+02 
       4.933160053810e-01       5.229907593528e+02 
       4.962153443494e-01       5.198009820000e+02 
       4.991146834568e-01       5.167199634363e+02 
       5.020140227007e-01       5.137041251334e+02 
       5.049133620789e-01       5.107078837164e+02 
       5.078127015890e-01       5.076952457246e+02 
       5.107120412288e-01       5.046509141407e+02 
       5.136113809961e-01       5.015785381009e+02 
       5.165107208887e-01       4.985021545489e+02 
       5.194100609045e-01       4.954548911854e+02 
       5.223094010414e-01       4.924724974991e+02 
       5.252087412975e-01       4.895797947612e+02 
       5.281080816708e-01       4.867882170183e+02 
       5.310074221593e-01       4.840898482540e+02 
       5.339067627612e-01       4.814608402352e+02 
       5.368061034746e-01       4.788708102530e+02 
       5.397054442977e-01       4.762867472105e+02 
       5.426047852288e-01       4.736862866795e+02 
       5.455041262662e-01       4.710602789009e+02 
       5.484034674080e-01       4.684154087464e+02 
       5.513028086528e-01       4.657728258774e+02 
       5.542021499989e-01       4.631588885221e+02 
       5.571014914446e-01       4.605997896281e+02 
       5.600008329885e-01       4.581118893870e+02 
       5.629001746290e-01       4.557006986057e+02 
       5.657995163646e-01       4.533573683190e+02 
       5.686988581938e-01       4.510637936948e+02 
       5.715982001154e-01       4.487975510143e+02 
       5.744975421277e-01       4.465376807284e+02 
       5.773968842295e-01       4.442704896848e+02 
       5.802962264195e-01       4.419912181223e+02 
       5.831955686962e-01       4.397068676021e+02 
       5.860949110585e-01       4.374304414606e+02 
       5.889942535050e-01       4.351797984842e+02 
       5.918935960345e-01       4.329709098962e+02 
       5.947929386458e-01       4.308135468333e+02 
       5.976922813377e-01       4.287105051551e+02 
       6.005916241091e-01       4.266550784263e+02 
       6.034909669587e-01       4.246346975476e+02 
       6.063903098854e-01       4.226327576833e+02 
       6.092896528882e-01       4.206357920542e+02 
       6.121889959660e-01       4.186338103945e+02 
       6.150883391177e-01       4.166258016613e+02 
       6.179876823422e-01       4.146172428130e+02 
       6.208870256386e-01       4.126193083730e+02 
       6.237863690058e-01       4.106454945770e+02 
       6.266857124429e-01       4.087064892897e+02 
       6.295850559488e-01       4.068089425162e+02 
       6.324843995227e-01       4.049525955926e+02 
       6.353837431636e-01       4.031311414491e+02 
       6.382830868706e-01       4.013344105920e+02 
       6.411824306427e-01       3.995514291480e+02 
       6.440817744792e-01       3.977730252522e+02 
       6.469811183790e-01       3.959939792827e+02 
       6.498804623415e-01       3.942137812042e+02 
       6.527798063657e-01       3.924372460397e+02 
       6.556791504509e-01       3.906720788388e+02 
       6.585784945962e-01       3.889260533389e+02 
       6.614778388008e-01       3.872072539742e+02 
       6.643771830639e-01       3.855188210776e+02 
       6.672765273849e-01       3.838609255827e+02 
       6.701758717629e-01       3.822292762453e+02 
       6.730752161972e-01       3.806166539726e+02 
       6.759745606870e-01       3.790154951518e+02 
       6.788739052317e-01       3.774187102599e+02 
       7.413702697005e-01       3.458099079858e+02 
       8.315536464176e-01       3.086360007753e+02 
       9.746073237358e-01       2.632783958372e+02 
       1.201443000538e+00       2.119035871929e+02 
       1.296249739193e+00       1.952296138570e+02 
       1.510348333077e+00       1.644644132494e+02 
       1.901377066969e+00       1.245418051831e+02 
       2.393691772788e+00       9.169838767082e+01 
       3.013479400702e+00       6.545903844992e+01 
       3.793745795461e+00       4.529909287258e+01 
       4.776042987794e+00       3.045717570344e+01 
       6.012681885155e+00       1.996413014738e+01 
       7.569518018256e+00       1.280628117706e+01 
