# Matter power spectrum P(k) at redshift z=0
# for k=9.41771e-06 to 7.56952 h/Mpc,
# number of wavenumbers equal to 620
#    1:k (h/Mpc)              2:P (Mpc/h)^3        
       9.417708517908e-06       6.429888511579e+01 
       2.103609723106e-05       1.397555658551e+02 
       3.268772368722e-05       2.139346629459e+02 
       4.439808197034e-05       2.875632305999e+02 
       5.619300967057e-05       3.610448406583e+02 
       6.809887545235e-05       4.346750611548e+02 
       8.014277154133e-05       5.087016240208e+02 
       9.235271324347e-05       5.833487084354e+02 
       1.047578476273e-04       6.588291383706e+02 
       1.173886735218e-04       7.353515061247e+02 
       1.302772750005e-04       8.131247558922e+02 
       1.434575705227e-04       8.923620467268e+02 
       1.569655798779e-04       9.732832036255e+02 
       1.708397109951e-04       1.056117318187e+03 
       1.851210685241e-04       1.141114163637e+03 
       1.998537858245e-04       1.228501201780e+03 
       2.150853815614e-04       1.318575531440e+03 
       2.308671414628e-04       1.411616492757e+03 
       2.472545248413e-04       1.507932427531e+03 
       2.643075941540e-04       1.607854097217e+03 
       2.820914640417e-04       1.711736526970e+03 
       3.006767638268e-04       1.819961408514e+03 
       3.201401042132e-04       1.932938807156e+03 
       3.405645347668e-04       2.051099697544e+03 
       3.620399735256e-04       2.174944689890e+03 
       3.846635836910e-04       2.304949811111e+03 
       4.085400647907e-04       2.441662515485e+03 
       4.337818171177e-04       2.585652503092e+03 
       4.605089290567e-04       2.737520313771e+03 
       4.888489278650e-04       2.897893118116e+03 
       5.189362268453e-04       3.067419772864e+03 
       5.509111974421e-04       3.246763441221e+03 
       5.849187960596e-04       3.436590751754e+03 
       6.211066851969e-04       3.637559075274e+03 
       6.596228098188e-04       3.850301715015e+03 
       7.006124250697e-04       4.075406636592e+03 
       7.442146212525e-04       4.313397572574e+03 
       7.905584543608e-04       4.564711002746e+03 
       8.397588594919e-04       4.829672936012e+03 
       8.919125901366e-04       5.108477480863e+03 
       9.470944754041e-04       5.401168127810e+03 
       1.005354305815e-03       5.707624648398e+03 
       1.066714635697e-03       6.027555605616e+03 
       1.131169723101e-03       6.360497798914e+03 
       1.198685723065e-03       6.705825988658e+03 
       1.269202123384e-03       7.062757812188e+03 
       1.296249739193e-03       7.198651258172e+03 
       1.342634286097e-03       7.430395403599e+03 
       1.418876855117e-03       7.807750384332e+03 
       1.497807727306e-03       8.193752755825e+03 
       1.579292267080e-03       8.587291250968e+03 
       1.663187469673e-03       8.987233754979e+03 
       1.749345833683e-03       9.392460305561e+03 
       1.837618774831e-03       9.801880188517e+03 
       1.927859485810e-03       1.021444150364e+04 
       2.019925211399e-03       1.062915288850e+04 
       2.113678957809e-03       1.104508814849e+04 
       2.208990688881e-03       1.146139055195e+04 
       2.305738080596e-03       1.187727206220e+04 
       2.403806912287e-03       1.229202529469e+04 
       2.503091171399e-03       1.270499481146e+04 
       2.603492941814e-03       1.311561463710e+04 
       2.704922136162e-03       1.352336889701e+04 
       2.807296122086e-03       1.392778867499e+04 
       2.910539282327e-03       1.432847651763e+04 
       3.014582539337e-03       1.472507396745e+04 
       3.119362867385e-03       1.511728281498e+04 
       3.224822808680e-03       1.550481509777e+04 
       3.330910004956e-03       1.588744275325e+04 
       3.437576751997e-03       1.626496828910e+04 
       3.544779581611e-03       1.663721230501e+04 
       3.652478873342e-03       1.700403591658e+04 
       3.760638496661e-03       1.736531352383e+04 
       3.869225483248e-03       1.772094177599e+04 
       3.978209728281e-03       1.807084679442e+04 
       4.087563719153e-03       1.841495826859e+04 
       4.197262289815e-03       1.875319992195e+04 
       4.307282398788e-03       1.908558333081e+04 
       4.417602928878e-03       1.941203953796e+04 
       4.528204506683e-03       1.973256617952e+04 
       4.639069340048e-03       2.004715526208e+04 
       4.750181071739e-03       2.035579531876e+04 
       4.861524647749e-03       2.065851670840e+04 
       4.973086198753e-03       2.095530119487e+04 
       5.084852933383e-03       2.124618226174e+04 
       5.196813042098e-03       2.153116994442e+04 
       5.308955610552e-03       2.181031179941e+04 
       5.421270541487e-03       2.208359302123e+04 
       5.533748484236e-03       2.235113408101e+04 
       5.646380771071e-03       2.261292919964e+04 
       5.759159359670e-03       2.286895754271e+04 
       5.872076781067e-03       2.311933008648e+04 
       5.985126092526e-03       2.336409113080e+04 
       6.098300834833e-03       2.360325823891e+04 
       6.211594993547e-03       2.383688453217e+04 
       6.325002963817e-03       2.406502208227e+04 
       6.438519518399e-03       2.428774229978e+04 
       6.481248695965e-03       2.437010003937e+04 
       6.552139778556e-03       2.450506349940e+04 
       6.665859187558e-03       2.471705016617e+04 
       6.779673486514e-03       2.492371550629e+04 
       6.893578692327e-03       2.512522630811e+04 
       7.007571077547e-03       2.532154867224e+04 
       7.121647151951e-03       2.551272314167e+04 
       7.235803645692e-03       2.569882252877e+04 
       7.350037493848e-03       2.587994789503e+04 
       7.464345822264e-03       2.605610591096e+04 
       7.578725934554e-03       2.622737599839e+04 
       7.693175300157e-03       2.639379354897e+04 
       7.807691543360e-03       2.655545648558e+04 
       7.922272433195e-03       2.671231018168e+04 
       8.036915874129e-03       2.686451625783e+04 
       8.151619897487e-03       2.701215374216e+04 
       8.266382653538e-03       2.715516315468e+04 
       8.381202404185e-03       2.729367456686e+04 
       8.496077516217e-03       2.742771934807e+04 
       8.611006455059e-03       2.755736280068e+04 
       8.725987779001e-03       2.768268268255e+04 
       8.841020133845e-03       2.780360800341e+04 
       8.956102247945e-03       2.792040119732e+04 
       9.071232927616e-03       2.803296049839e+04 
       9.186411052868e-03       2.814132964496e+04 
       9.301635573443e-03       2.824568566006e+04 
       9.416905505144e-03       2.834594857026e+04 
       9.532219926416e-03       2.844223542065e+04 
       9.647577975167e-03       2.853463402936e+04 
       9.762978845814e-03       2.862311854439e+04 
       9.878421786537e-03       2.870774016063e+04 
       9.993906096710e-03       2.878866661416e+04 
       1.010943112453e-02       2.886578325346e+04 
       1.022499626477e-02       2.893922228489e+04 
       1.034060095676e-02       2.900913401159e+04 
       1.045624468239e-02       2.907540106385e+04 
       1.057192696438e-02       2.913818752966e+04 
       1.068764736454e-02       2.919745577838e+04 
       1.080340548228e-02       2.925325261307e+04 
       1.091920095306e-02       2.930578378147e+04 
       1.103503344714e-02       2.935490334463e+04 
       1.115090266822e-02       2.940081056514e+04 
       1.126680835231e-02       2.944343765562e+04 
       1.138275026664e-02       2.948290097024e+04 
       1.149872820858e-02       2.951920944551e+04 
       1.161474200476e-02       2.955249084834e+04 
       1.173079151012e-02       2.958277055059e+04 
       1.184687660715e-02       2.960988299320e+04 
       1.196299720506e-02       2.963414057118e+04 
       1.207915323910e-02       2.965555504858e+04 
       1.219534466994e-02       2.967404306567e+04 
       1.231157148298e-02       2.968971952795e+04 
       1.242783368787e-02       2.970268398465e+04 
       1.254413131794e-02       2.971285753742e+04 
       1.266046442974e-02       2.972036469691e+04 
       1.277683310262e-02       2.972521412945e+04 
       1.289323743830e-02       2.972754263723e+04 
       1.296249739193e-02       2.972776641749e+04 
       1.300967756052e-02       2.972725251829e+04 
       1.312615361472e-02       2.972441138102e+04 
       1.324266576773e-02       2.971927169055e+04 
       1.335921420749e-02       2.971150389933e+04 
       1.347579914287e-02       2.970155583733e+04 
       1.359242080337e-02       2.968905347024e+04 
       1.370907943901e-02       2.967446833960e+04 
       1.382577532016e-02       2.965749981147e+04 
       1.394250873737e-02       2.963829138699e+04 
       1.405928000130e-02       2.961696717480e+04 
       1.417608944263e-02       2.959346247727e+04 
       1.429293741198e-02       2.956778897657e+04 
       1.440982427988e-02       2.954016925473e+04 
       1.452675043675e-02       2.951038933917e+04 
       1.464371629289e-02       2.947859536825e+04 
       1.476072227851e-02       2.944515560670e+04 
       1.487776884376e-02       2.940949486637e+04 
       1.499485645880e-02       2.937217119959e+04 
       1.511198561384e-02       2.933285679036e+04 
       1.522915681929e-02       2.929180361861e+04 
       1.534637060582e-02       2.924900570418e+04 
       1.546362752450e-02       2.920441634882e+04 
       1.558092814697e-02       2.915809123033e+04 
       1.569827306556e-02       2.911013704884e+04 
       1.581566289352e-02       2.906061395523e+04 
       1.593309826515e-02       2.900963836084e+04 
       1.605057983607e-02       2.895689329144e+04 
       1.616810828342e-02       2.890261344603e+04 
       1.628568430609e-02       2.884696726051e+04 
       1.640330862501e-02       2.878980463969e+04 
       1.652098198341e-02       2.873118113249e+04 
       1.663870514709e-02       2.867129841013e+04 
       1.675647890477e-02       2.860997123055e+04 
       1.687430406838e-02       2.854723473559e+04 
       1.699218147342e-02       2.848344705263e+04 
       1.711011197929e-02       2.841816372057e+04 
       1.722809646970e-02       2.835165488801e+04 
       1.734613585302e-02       2.828409536527e+04 
       1.746423106270e-02       2.821522657837e+04 
       1.758238305772e-02       2.814536628485e+04 
       1.770059282297e-02       2.807446622320e+04 
       1.781886136978e-02       2.800227152306e+04 
       1.793718973632e-02       2.792916895804e+04 
       1.805557898815e-02       2.785497265744e+04 
       1.817403021871e-02       2.777981028981e+04 
       1.829254454985e-02       2.770370956907e+04 
       1.841112313237e-02       2.762651263256e+04 
       1.852976714661e-02       2.754867192741e+04 
       1.864847780300e-02       2.746993221751e+04 
       1.876725634273e-02       2.739025329441e+04 
       1.888610403830e-02       2.730966729994e+04 
       1.900502219424e-02       2.722849092423e+04 
       1.912401214773e-02       2.714622593340e+04 
       1.924307526934e-02       2.706345787904e+04 
       1.936221296369e-02       2.697988447591e+04 
       1.948142667024e-02       2.689564439023e+04 
       1.960071786405e-02       2.681073970264e+04 
       1.972008805650e-02       2.672505092769e+04 
       1.983953879622e-02       2.663897731415e+04 
       1.995907166982e-02       2.655210599412e+04 
       2.007868830282e-02       2.646470630343e+04 
       2.019839036052e-02       2.637667836848e+04 
       2.031817954894e-02       2.628813271292e+04 
       2.043805761574e-02       2.619919495266e+04 
       2.055802635123e-02       2.610961295414e+04 
       2.067808758940e-02       2.601969068379e+04 
       2.079824320889e-02       2.592920629416e+04 
       2.091849513417e-02       2.583829602049e+04 
       2.103884533657e-02       2.574702915799e+04 
       2.115929583546e-02       2.565541318779e+04 
       2.127984869946e-02       2.556342248918e+04 
       2.140050604761e-02       2.547081825497e+04 
       2.152127005067e-02       2.537791798230e+04 
       2.164214293241e-02       2.528495155437e+04 
       2.176312697097e-02       2.519151167969e+04 
       2.188422450021e-02       2.509794640871e+04 
       2.200543791118e-02       2.500383420456e+04 
       2.212676965359e-02       2.490972405531e+04 
       2.224822223732e-02       2.481536375541e+04 
       2.236979823402e-02       2.472061269470e+04 
       2.249150027874e-02       2.462579608901e+04 
       2.261333107160e-02       2.453085251558e+04 
       2.273529337952e-02       2.443556206101e+04 
       2.285739003806e-02       2.434015791352e+04 
       2.297962395322e-02       2.424473575129e+04 
       2.310199810342e-02       2.414901639857e+04 
       2.322451554145e-02       2.405329690527e+04 
       2.334717939653e-02       2.395746291182e+04 
       2.346999287643e-02       2.386164543603e+04 
       2.359295926968e-02       2.376545479190e+04 
       2.371608194784e-02       2.366929663076e+04 
       2.383936436785e-02       2.357332185768e+04 
       2.396281007446e-02       2.347711242891e+04 
       2.408642270276e-02       2.338091936883e+04 
       2.421020598080e-02       2.328479809390e+04 
       2.433416373227e-02       2.318854151161e+04 
       2.445829987931e-02       2.309233999550e+04 
       2.458261844544e-02       2.299606998382e+04 
       2.470712355853e-02       2.289997556236e+04 
       2.483181945395e-02       2.280387521082e+04 
       2.495671047780e-02       2.270781878039e+04 
       2.508180109024e-02       2.261178737766e+04 
       2.520709586901e-02       2.251578055171e+04 
       2.533259951302e-02       2.242006391633e+04 
       2.545831684612e-02       2.232425735958e+04 
       2.558425282095e-02       2.222861799074e+04 
       2.571041252306e-02       2.213324092703e+04 
       2.583680117504e-02       2.203764062934e+04 
       2.596342414094e-02       2.194221666977e+04 
       2.609028693077e-02       2.184708487367e+04 
       2.621739520525e-02       2.175197249192e+04 
       2.634475478071e-02       2.165709209496e+04 
       2.647237163421e-02       2.156213411345e+04 
       2.660025190884e-02       2.146757327363e+04 
       2.672840191926e-02       2.137297049980e+04 
       2.685682815748e-02       2.127866951745e+04 
       2.698553729887e-02       2.118447570820e+04 
       2.711453620839e-02       2.109045154874e+04 
       2.724383194715e-02       2.099662095415e+04 
       2.737343177920e-02       2.090295910008e+04 
       2.750334317864e-02       2.080950940949e+04 
       2.763357383701e-02       2.071623088082e+04 
       2.776413167105e-02       2.062302197968e+04 
       2.789502483079e-02       2.053027063566e+04 
       2.802626170795e-02       2.043761244445e+04 
       2.815785094479e-02       2.034510109844e+04 
       2.828980144335e-02       2.025273128766e+04 
       2.842212237508e-02       2.016063717718e+04 
       2.855482319094e-02       2.006884027067e+04 
       2.868791363197e-02       1.997706376032e+04 
       2.882140374037e-02       1.988572301144e+04 
       2.895530387112e-02       1.979444929546e+04 
       2.908962470409e-02       1.970347096757e+04 
       2.922437725686e-02       1.961261302714e+04 
       2.935957289803e-02       1.952204036981e+04 
       2.949522336132e-02       1.943173075011e+04 
       2.963134076029e-02       1.934154899936e+04 
       2.976793760385e-02       1.925165326074e+04 
       2.990502681254e-02       1.916198838830e+04 
       3.004262173568e-02       1.907250142967e+04 
       3.018073616936e-02       1.898331056552e+04 
       3.031938437545e-02       1.889421002456e+04 
       3.045858110157e-02       1.880537096086e+04 
       3.059834160217e-02       1.871678949783e+04 
       3.073868166073e-02       1.862839775827e+04 
       3.087961761323e-02       1.854018616266e+04 
       3.102116637283e-02       1.845223825004e+04 
       3.116334545606e-02       1.836447714853e+04 
       3.130617301043e-02       1.827686942528e+04 
       3.144966784360e-02       1.818946318591e+04 
       3.159384945436e-02       1.810240003733e+04 
       3.173873806530e-02       1.801539810219e+04 
       3.188435465754e-02       1.792877000117e+04 
       3.203072100745e-02       1.784205689081e+04 
       3.217785972570e-02       1.775570396243e+04 
       3.232579429868e-02       1.766946411873e+04 
       3.247454913249e-02       1.758347992437e+04 
       3.262414959972e-02       1.749763143045e+04 
       3.277462208930e-02       1.741189395544e+04 
       3.292599405943e-02       1.732639136713e+04 
       3.307829409412e-02       1.724093711484e+04 
       3.323155196343e-02       1.715573361791e+04 
       3.338579868781e-02       1.707058691575e+04 
       3.354106660673e-02       1.698593075366e+04 
       3.369738945217e-02       1.690094362046e+04 
       3.385480242724e-02       1.681629438459e+04 
       3.401334229028e-02       1.673169533378e+04 
       3.417304744521e-02       1.664728723764e+04 
       3.433395803827e-02       1.656291438569e+04 
       3.449611606207e-02       1.647860624377e+04 
       3.465956546743e-02       1.639444815458e+04 
       3.482435228367e-02       1.631031166396e+04 
       3.499052474836e-02       1.622625664666e+04 
       3.515813344705e-02       1.614227245370e+04 
       3.532723146436e-02       1.605829995555e+04 
       3.549787454714e-02       1.597435847711e+04 
       3.567012128110e-02       1.589047607076e+04 
       3.584403328219e-02       1.580659564830e+04 
       3.601967540422e-02       1.572267293322e+04 
       3.619711596441e-02       1.563874434001e+04 
       3.637642698862e-02       1.555478264003e+04 
       3.655768447857e-02       1.547077625323e+04 
       3.674096870317e-02       1.538669075819e+04 
       3.692636451681e-02       1.530245433569e+04 
       3.711396170744e-02       1.521827221715e+04 
       3.730385537797e-02       1.513390849413e+04 
       3.749614636477e-02       1.504939263350e+04 
       3.769094169753e-02       1.496475531453e+04 
       3.788835510567e-02       1.487992911894e+04 
       3.808850757674e-02       1.479491154180e+04 
       3.829152797339e-02       1.470967250628e+04 
       3.849755371635e-02       1.462418103972e+04 
       3.870673154183e-02       1.453849567611e+04 
       3.891921834330e-02       1.445244744002e+04 
       3.913518210882e-02       1.436614633382e+04 
       3.935480296723e-02       1.427943118266e+04 
       3.957827435828e-02       1.419236160585e+04 
       3.980580434451e-02       1.410487808323e+04 
       4.003761708559e-02       1.401700605777e+04 
       4.027395449951e-02       1.392859785149e+04 
       4.051507813894e-02       1.383969808612e+04 
       4.076127131668e-02       1.375021651729e+04 
       4.101284151976e-02       1.366017341580e+04 
       4.127012315982e-02       1.356940829568e+04 
       4.153348071574e-02       1.347804361081e+04 
       4.180331233632e-02       1.338591482867e+04 
       4.208005398372e-02       1.329296035053e+04 
       4.236418421543e-02       1.319912892064e+04 
       4.265622972287e-02       1.310439137168e+04 
       4.295677177032e-02       1.300866528642e+04 
       4.326645370963e-02       1.291185239314e+04 
       4.358598978553e-02       1.281389395967e+04 
       4.391617549664e-02       1.271474233621e+04 
       4.425789983938e-02       1.261424030159e+04 
       4.461215984182e-02       1.251231123434e+04 
       4.498007789458e-02       1.240885279946e+04 
       4.536292251443e-02       1.230376624831e+04 
       4.576213333864e-02       1.219689586057e+04 
       4.617935135652e-02       1.208813886932e+04 
       4.661645564891e-02       1.197725316588e+04 
       4.707560824167e-02       1.186415754993e+04 
       4.755930910017e-02       1.174869028900e+04 
       4.807046381230e-02       1.163062053547e+04 
       4.861246713099e-02       1.150970944151e+04 
       4.918930625781e-02       1.138570679388e+04 
       4.980568847214e-02       1.125838992400e+04 
       5.046719826206e-02       1.112750074609e+04 
       5.118048907271e-02       1.099255855494e+04 
       5.195351328301e-02       1.085324976800e+04 
       5.279578932823e-02       1.070906413017e+04 
       5.371869377920e-02       1.055931876078e+04 
       5.473574305130e-02       1.040325041914e+04 
       5.586278556414e-02       1.023960440221e+04 
       5.711795029906e-02       1.006662230400e+04 
       5.852108874982e-02       9.881445684957e+03 
       6.009233502861e-02       9.679677401569e+03 
       6.184940922771e-02       9.454789972641e+03 
       6.380363876731e-02       9.197477016327e+03 
       6.595558487704e-02       8.896541914533e+03 
       6.829231615226e-02       8.541224524963e+03 
       7.078850861786e-02       8.126024198714e+03 
       7.341159781901e-02       7.655424893769e+03 
       7.612848068028e-02       7.146199066825e+03 
       7.891060131971e-02       6.624987117760e+03 
       8.173606572054e-02       6.122318103504e+03 
       8.458941522752e-02       5.665433510947e+03 
       8.746032391190e-02       5.273106724778e+03 
       9.034213904128e-02       4.953230073206e+03 
       9.323067159594e-02       4.703291192847e+03 
       9.612332129368e-02       4.512698356873e+03 
       9.901848812226e-02       4.365973099945e+03 
       1.019151927391e-01       4.246369503564e+03 
       1.048128375430e-01       4.138806974039e+03 
       1.077110584744e-01       4.032143522825e+03 
       1.106096338948e-01       3.920124492091e+03 
       1.135084288583e-01       3.800937540811e+03 
       1.164073611354e-01       3.675880214482e+03 
       1.193063805390e-01       3.547449237715e+03 
       1.222054563568e-01       3.417672197082e+03 
       1.251045697182e-01       3.287207539176e+03 
       1.280037089575e-01       3.155413595235e+03 
       1.296249739193e-01       3.080659290313e+03 
       1.309028667988e-01       3.021045960293e+03 
       1.338020386460e-01       2.883383811609e+03 
       1.367012215430e-01       2.743320009780e+03 
       1.396004135426e-01       2.603692535071e+03 
       1.424996133212e-01       2.469131734659e+03 
       1.453988199448e-01       2.345027535077e+03 
       1.482980327256e-01       2.236377996204e+03 
       1.511972511341e-01       2.146579948301e+03 
       1.540964747451e-01       2.076633310618e+03 
       1.569957032040e-01       2.024920422891e+03 
       1.598949362061e-01       1.987451706992e+03 
       1.627941734829e-01       1.958578249653e+03 
       1.656934147938e-01       1.932429705037e+03 
       1.685926599202e-01       1.903288243656e+03 
       1.714919086615e-01       1.866879481732e+03 
       1.743911608330e-01       1.821498146933e+03 
       1.772904162628e-01       1.767833652087e+03 
       1.801896747914e-01       1.708383076359e+03 
       1.830889362695e-01       1.646561871343e+03 
       1.859882005579e-01       1.585701790551e+03 
       1.888874675258e-01       1.528242132915e+03 
       1.917867370507e-01       1.475343514460e+03 
       1.946860090173e-01       1.426963456111e+03 
       1.975852833173e-01       1.382214401183e+03 
       2.004845598489e-01       1.339932377858e+03 
       2.033838385157e-01       1.299205035259e+03 
       2.062831192271e-01       1.259747376149e+03 
       2.091824018977e-01       1.221937889767e+03 
       2.120816864463e-01       1.186688539036e+03 
       2.149809727966e-01       1.155037179027e+03 
       2.178802608762e-01       1.127733200445e+03 
       2.207795506164e-01       1.104943676969e+03 
       2.236788419523e-01       1.086057762234e+03 
       2.265781348223e-01       1.069783189056e+03 
       2.294774291678e-01       1.054352734775e+03 
       2.323767249332e-01       1.037935240274e+03 
       2.352760220659e-01       1.019035093149e+03 
       2.381753205154e-01       9.968312503590e+02 
       2.410746202341e-01       9.713515810559e+02 
       2.439739211763e-01       9.434402685857e+02 
       2.468732232989e-01       9.144790133330e+02 
       2.497725265603e-01       8.860290244634e+02 
       2.526718309212e-01       8.594788335858e+02 
       2.555711363440e-01       8.357162253892e+02 
       2.584704427927e-01       8.150090220033e+02 
       2.613697502330e-01       7.970541589156e+02 
       2.642690586321e-01       7.811167272894e+02 
       2.671683679585e-01       7.662989447101e+02 
       2.700676781824e-01       7.517944684200e+02 
       2.729669892749e-01       7.370969555160e+02 
       2.758663012084e-01       7.220910105167e+02 
       2.787656139567e-01       7.070025381254e+02 
       2.816649274944e-01       6.922730269131e+02 
       2.845642417973e-01       6.783607208649e+02 
       2.874635568421e-01       6.655625703589e+02 
       2.903628726065e-01       6.539109825705e+02 
       2.932621890690e-01       6.431396399327e+02 
       2.961615062090e-01       6.327714439189e+02 
       2.990608240068e-01       6.222440078067e+02 
       3.019601424432e-01       6.110656266236e+02 
       3.048594615001e-01       5.989541771092e+02 
       3.077587811597e-01       5.859322841262e+02 
       3.106581014051e-01       5.722973243170e+02 
       3.135574222200e-01       5.585706713175e+02 
       3.164567435886e-01       5.453374338148e+02 
       3.193560654959e-01       5.331170633411e+02 
       3.222553879272e-01       5.222318566844e+02 
       3.251547108684e-01       5.127449146725e+02 
       3.280540343059e-01       5.044611255519e+02 
       3.309533582267e-01       4.969925870585e+02 
       3.338526826181e-01       4.898601833531e+02 
       3.367520074679e-01       4.826297211045e+02 
       3.396513327643e-01       4.750108328018e+02 
       3.425506584960e-01       4.669102978153e+02 
       3.454499846518e-01       4.584417727864e+02 
       3.483493112213e-01       4.498567580421e+02 
       3.512486381940e-01       4.414590720387e+02 
       3.541479655601e-01       4.334999549644e+02 
       3.570472933099e-01       4.261205536497e+02 
       3.599466214341e-01       4.193111941526e+02 
       3.628459499237e-01       4.129240003170e+02 
       3.657452787701e-01       4.067334072957e+02 
       3.686446079646e-01       4.004980244598e+02 
       3.715439374992e-01       3.940401295363e+02 
       3.744432673660e-01       3.872872560046e+02 
       3.773425975571e-01       3.802964201085e+02 
       3.802419280653e-01       3.732338361773e+02 
       3.831412588832e-01       3.663238308349e+02 
       3.860405900039e-01       3.597865634940e+02 
       3.889399214205e-01       3.537828573794e+02 
       3.918392531266e-01       3.483662930173e+02 
       3.947385851155e-01       3.434843610719e+02 
       3.976379173813e-01       3.389754134143e+02 
       4.005372499178e-01       3.346307358591e+02 
       4.034365827191e-01       3.302425958214e+02 
       4.063359157796e-01       3.256539469279e+02 
       4.092352490938e-01       3.208033466919e+02 
       4.121345826562e-01       3.157274486444e+02 
       4.150339164617e-01       3.105447880785e+02 
       4.179332505052e-01       3.054123583431e+02 
       4.208325847818e-01       3.004859887587e+02 
       4.237319192865e-01       2.958656761342e+02 
       4.266312540149e-01       2.915856618146e+02 
       4.295305889623e-01       2.876002561424e+02 
       4.324299241243e-01       2.838091048193e+02 
       4.353292594966e-01       2.800878073564e+02 
       4.382285950750e-01       2.763254210458e+02 
       4.411279308555e-01       2.724518399030e+02 
       4.440272668341e-01       2.684550093747e+02 
       4.469266030069e-01       2.643832694437e+02 
       4.498259393701e-01       2.603273644088e+02 
       4.527252759200e-01       2.563927784163e+02 
       4.556246126532e-01       2.526697591080e+02 
       4.585239495661e-01       2.492094666340e+02 
       4.614232866553e-01       2.460090147016e+02 
       4.643226239175e-01       2.430148408376e+02 
       4.672219613494e-01       2.401360941675e+02 
       4.701212989480e-01       2.372730045787e+02 
       4.730206367101e-01       2.343395815886e+02 
       4.759199746327e-01       2.312866637756e+02 
       4.788193127130e-01       2.281141169828e+02 
       4.817186509480e-01       2.248705855259e+02 
       4.846179893350e-01       2.216313450703e+02 
       4.875173278713e-01       2.184806368383e+02 
       4.904166665542e-01       2.154858743518e+02 
       4.933160053810e-01       2.126812011562e+02 
       4.962153443494e-01       2.100606698256e+02 
       4.991146834568e-01       2.075830276962e+02 
       5.020140227007e-01       2.051848472784e+02 
       5.049133620789e-01       2.027990296112e+02 
       5.078127015890e-01       2.003720220821e+02 
       5.107120412288e-01       1.978805848266e+02 
       5.136113809961e-01       1.953295857485e+02 
       5.165107208887e-01       1.927545662637e+02 
       5.194100609045e-01       1.902051722858e+02 
       5.223094010414e-01       1.877355936489e+02 
       5.252087412975e-01       1.853840964274e+02 
       5.281080816708e-01       1.831690449837e+02 
       5.310074221593e-01       1.810795161540e+02 
       5.339067627612e-01       1.790801016044e+02 
       5.368061034746e-01       1.771249698460e+02 
       5.397054442977e-01       1.751637266328e+02 
       5.426047852288e-01       1.731618115232e+02 
       5.455041262662e-01       1.711046893308e+02 
       5.484034674080e-01       1.690022024651e+02 
       5.513028086528e-01       1.668868065546e+02 
       5.542021499989e-01       1.647994765651e+02 
       5.571014914446e-01       1.627814301635e+02 
       5.600008329885e-01       1.608589526294e+02 
       5.629001746290e-01       1.590415631797e+02 
       5.657995163646e-01       1.573162130526e+02 
       5.686988581938e-01       1.556550314241e+02 
       5.715982001154e-01       1.540229510369e+02 
       5.744975421277e-01       1.523868185249e+02 
       5.773968842295e-01       1.507246952823e+02 
       5.802962264195e-01       1.490286954335e+02 
       5.831955686962e-01       1.473097462519e+02 
       5.860949110585e-01       1.455885906660e+02 
       5.889942535050e-01       1.438940905436e+02 
       5.918935960345e-01       1.422524098449e+02 
       5.947929386458e-01       1.406799462881e+02 
       5.976922813377e-01       1.391819069202e+02 
       6.005916241091e-01       1.377479892318e+02 
       6.034909669587e-01       1.363581229707e+02 
       6.063903098854e-01       1.349853325477e+02 
       6.092896528882e-01       1.336074960061e+02 
       6.121889959660e-01       1.322079812800e+02 
       6.150883391177e-01       1.307848909282e+02 
       6.179876823422e-01       1.293471365449e+02 
       6.208870256386e-01       1.279132903697e+02 
       6.237863690058e-01       1.265060702679e+02 
       6.266857124429e-01       1.251437566495e+02 
       6.295850559488e-01       1.238380377916e+02 
       6.324843995227e-01       1.225890256170e+02 
       6.353837431636e-01       1.213865304750e+02 
       6.382830868706e-01       1.202136298620e+02 
       6.411824306427e-01       1.190518030026e+02 
       6.440817744792e-01       1.178853873595e+02 
       6.469811183790e-01       1.167053336227e+02 
       6.498804623415e-01       1.155106241540e+02 
       6.527798063657e-01       1.143094756633e+02 
       6.556791504509e-01       1.131152519116e+02 
       6.585784945962e-01       1.119416180708e+02 
       6.614778388008e-01       1.108029702773e+02 
       6.643771830639e-01       1.097051957497e+02 
       6.672765273849e-01       1.086490155524e+02 
       6.701758717629e-01       1.076272507760e+02 
       6.730752161972e-01       1.066274179665e+02 
       6.759745606870e-01       1.056362501139e+02 
       6.788739052317e-01       1.046411496831e+02 
       7.413702697005e-01       8.554711938271e+01 
       8.315536464176e-01       6.566560937594e+01 
       9.746073237358e-01       4.537095836947e+01 
       1.201443000538e+00       2.766453292020e+01 
       1.296249739193e+00       2.306968132920e+01 
       1.510348333077e+00       1.596013095010e+01 
       1.901377066969e+00       9.099400665948e+00 
       2.393691772788e+00       5.148004983701e+00 
       3.013479400702e+00       2.892262208775e+00 
       3.793745795461e+00       1.614659731669e+00 
       4.776042987794e+00       8.962001136361e-01 
       6.012681885155e+00       4.947916534621e-01 
       7.569518018256e+00       2.718454579888e-01 
